ID,IUPAC,Usage
1,Gal(a1-Sp8,1
2,Glc(a1-Sp8,1
3,Man(a1-Sp8,1
4,GalNAc(a1-Sp8,1
5,GalNAc(a1-Sp15,1
6,Fuc(a1-Sp8,1
7,Fuc(a1-Sp9,1
9,Neu5Ac(a1-Sp8,1
10,Neu5Ac(a1-Sp11,1
11,Neu5Ac(b1-Sp8,1
12,Gal(b1-Sp8,1
13,Glc(b1-Sp8,1
14,Man(b1-Sp8,1
15,GalNAc(b1-Sp8,1
16,GlcNAc(b1-Sp0,1
17,GlcNAc(b1-Sp8,1
19,Gal(b1-4)GlcNAc(b1-6)[Gal(b1-4)GlcNAc(b1-3)]GalNAc(a1-Sp8,1
20,Gal(b1-4)GlcNAc(b1-6)[Gal(b1-4)GlcNAc(b1-3)]GalNAc(b1-Sp14,1
21,GlcNAc(b1-6)[GlcNAc(b1-4)][GlcNAc(b1-3)]GlcNAc(b1-Sp8,1
22,6S(3S)Gal(b1-4)(6S)GlcNAc(b1-Sp0,1
23,6S(3S)Gal(b1-4)GlcNAc(b1-Sp0,1
24,(3S)Gal(b1-4)[Fuc(a1-3)](6S)Glc(1-Sp0,1
25,(3S)Gal(b1-4)Glc(b1-Sp8,1
26,(3S)Gal(b1-4)(6S)Glc(b1-Sp0,1
27,(3S)Gal(b1-4)(6S)Glc(b1-Sp8,1
28,(3S)Gal(b1-3)[Fuc(a1-4)]GlcNAc(b1-Sp8,1
29,(3S)Gal(b1-3)GalNAc(a1-Sp8,1
30,(3S)Gal(b1-3)GlcNAc(b1-Sp0,1
31,(3S)Gal(b1-3)GlcNAc(b1-Sp8,1
32,(3S)Gal(b1-4)[Fuc(a1-3)]GlcNAc(1-Sp0,1
33,(3S)Gal(b1-4)[Fuc(a1-3)]GlcNAc(1-Sp8,1
34,(3S)Gal(b1-4)(6S)GlcNAc(b1-Sp0,1
35,(3S)Gal(b1-4)(6S)GlcNAc(b1-Sp8,1
36,(3S)Gal(b1-4)GlcNAc(b1-Sp0,1
37,(3S)Gal(b1-4)GlcNAc(b1-Sp8,1
38,(3S)Gal(b1-Sp8,1
39,(6S)(4S)Gal(b1-4)GlcNAc(b1-Sp0,1
40,(4S)Gal(b1-4)GlcNAc(b1-Sp8,1
41,(6P)Man(a1-Sp8,1
42,(6S)Gal(b1-4)Glc(b1-Sp0,1
43,(6S)Gal(b1-4)Glc(b1-Sp8,1
44,(6S)Gal(b1-4)GlcNAc(b1-Sp8,1
45,(6S)Gal(b1-4)(6S)Glc(b1-Sp8,1
46,Neu5Ac(a2-3)(6S)Gal(b1-4)GlcNAc(b1-Sp8,1
47,(6S)GlcNAc(b1-Sp8,1
50,Man(a1-6)[Man(a1-3)]Man(b1-4)GlcNAc(b1-4)GlcNAc(b1-Sp12,1
51,Man(a1-6)[Man(a1-3)]Man(b1-4)GlcNAc(b1-4)GlcNAc(b1-Sp13,1
52,GlcNAc(b1-2)Man(a1-6)[GlcNAc(b1-2)Man(a1-3)]Man(b1-4)GlcNAc(b1-4)GlcNAc(b1-Sp12,1
53,GlcNAc(b1-2)Man(a1-6)[GlcNAc(b1-2)Man(a1-3)]Man(b1-4)GlcNAc(b1-4)GlcNAc(b1-Sp13,1
54,Gal(b1-4)GlcNAc(b1-2)Man(a1-6)[Gal(b1-4)GlcNAc(b1-2)Man(a1-3)]Man(b1-4)GlcNAc(b1-4)GlcNAc(b1-Sp12,1
55,Neu5Ac(a2-6)Gal(b1-4)GlcNAc(b1-2)Man(a1-6)[Neu5Ac(a2-6)Gal(b1-4)GlcNAc(b1-2)Man(a1-3)]Man(b1-4)GlcNAc(b1-4)GlcNAc(b1-Sp12,1
56,Neu5Ac(a2-6)Gal(b1-4)GlcNAc(b1-2)Man(a1-6)[Neu5Ac(a2-6)Gal(b1-4)GlcNAc(b1-2)Man(a1-3)]Man(b1-4)GlcNAc(b1-4)GlcNAc(b1-Sp13,1
57,Neu5Ac(a2-6)Gal(b1-4)GlcNAc(b1-2)Man(a1-6)[Neu5Ac(a2-6)Gal(b1-4)GlcNAc(b1-2)Man(a1-3)]Man(b1-4)GlcNAc(b1-4)GlcNAc(b1-Sp21,1
58,Neu5Ac(a2-6)Gal(b1-4)GlcNAc(b1-2)Man(a1-6)[Neu5Ac(a2-6)Gal(b1-4)GlcNAc(b1-2)Man(a1-3)]Man(b1-4)GlcNAc(b1-4)GlcNAc(b1-Sp24,1
59,Fuc(a1-2)Gal(b1-3)GalNAc(b1-3)Gal(a1-Sp9,1
60,Fuc(a1-2)Gal(b1-3)GalNAc(b1-3)Gal(a1-4)Gal(b1-4)Glc(b1-Sp9,1
61,Fuc(a1-2)Gal(b1-3)[Fuc(a1-4)]GlcNAc(b1-Sp8,1
62,Fuc(a1-2)Gal(b1-3)GalNAc(a1-Sp8,1
63,Fuc(a1-2)Gal(b1-3)GalNAc(a1-Sp14,1
64,Fuc(a1-2)Gal(b1-3)GalNAc(b1-4)[Neu5Ac(a2-3)]Gal(b1-4)Glc(b1-Sp0,1
65,Fuc(a1-2)Gal(b1-3)GalNAc(b1-4)[Neu5Ac(a2-3)]Gal(b1-4)Glc(b1-Sp9,1
66,Fuc(a1-2)Gal(b1-3)GlcNAc(b1-3)Gal(b1-4)Glc(b1-Sp8,1
67,Fuc(a1-2)Gal(b1-3)GlcNAc(b1-3)Gal(b1-4)Glc(b1-Sp10,1
68,Fuc(a1-2)Gal(b1-3)GlcNAc(b1-Sp0,1
69,Fuc(a1-2)Gal(b1-3)GlcNAc(b1-Sp8,1
70,Fuc(a1-2)Gal(b1-4)[Fuc(a1-3)]GlcNAc(b1-3)Gal(b1-4)[Fuc(a1-3)]GlcNAc(b1-Sp0,1
71,Fuc(a1-2)Gal(b1-4)[Fuc(a1-3)]GlcNAc(b1-3)Gal(b1-4)[Fuc(a1-3)]GlcNAc(b1-3)Gal(b1-4)[Fuc(a1-3)]GlcNAc(b1-Sp0,1
72,Fuc(a1-2)Gal(b1-4)[Fuc(a1-3)]GlcNAc(b1-Sp0,1
73,Fuc(a1-2)Gal(b1-4)[Fuc(a1-3)]GlcNAc(b1-Sp8,1
74,Fuc(a1-2)Gal(b1-4)GlcNAc(b1-3)Gal(b1-4)GlcNAc(b1-Sp0,1
75,Fuc(a1-2)Gal(b1-4)GlcNAc(b1-3)Gal(b1-4)GlcNAc(b1-3)Gal(b1-4)GlcNAc(b1-Sp0,1
76,Fuc(a1-2)Gal(b1-4)GlcNAc(b1-Sp0,1
77,Fuc(a1-2)Gal(b1-4)GlcNAc(b1-Sp8,1
78,Fuc(a1-2)Gal(b1-4)Glc(b1-Sp0,1
79,Fuc(a1-2)Gal(b1-Sp8,1
80,Fuc(a1-3)GlcNAc(b1-Sp8,1
81,Fuc(a1-4)GlcNAc(b1-Sp8,1
82,Fuc(b1-3)GlcNAc(b1-Sp8,1
83,GalNAc(a1-3)[Fuc(a1-2)]Gal(b1-3)GlcNAc(b1-Sp0,1
84,GalNAc(a1-3)[Fuc(a1-2)]Gal(b1-4)[Fuc(a1-3)]GlcNAc(b1-Sp0,1
85,(3S)Gal(b1-4)[Fuc(a1-3)]Glc(b1-Sp0,1
86,GalNAc(a1-3)[Fuc(a1-2)]Gal(b1-4)GlcNAc(b1-Sp0,1
87,GalNAc(a1-3)[Fuc(a1-2)]Gal(b1-4)GlcNAc(b1-Sp8,1
88,GalNAc(a1-3)[Fuc(a1-2)]Gal(b1-4)Glc(b1-Sp0,1
89,GlcNAc(b1-3)Gal(b1-3)GalNAc(a1-Sp8,1
90,GalNAc(a1-3)[Fuc(a1-2)]Gal(b1-Sp8,1
91,GalNAc(a1-3)[Fuc(a1-2)]Gal(b1-Sp18,1
92,GalNAc(a1-3)GalNAc(b1-Sp8,1
93,GalNAc(a1-3)Gal(b1-Sp8,1
94,GalNAc(a1-4)[Fuc(a1-2)]Gal(b1-4)GlcNAc(b1-Sp8,1
95,GalNAc(b1-3)GalNAc(a1-Sp8,1
96,GalNAc(b1-3)[Fuc(a1-2)]Gal(b1-Sp8,1
97,GalNAc(b1-3)Gal(a1-4)Gal(b1-4)GlcNAc(b1-Sp0,1
98,GalNAc(b1-4)[Fuc(a1-3)]GlcNAc(b1-Sp0,1
99,GalNAc(b1-4)GlcNAc(b1-Sp0,1
100,GalNAc(b1-4)GlcNAc(b1-Sp8,1
101,Gal(a1-2)Gal(b1-Sp8,1
102,Gal(a1-3)[Fuc(a1-2)]Gal(b1-3)GlcNAc(b1-Sp0,1
103,Gal(a1-3)[Fuc(a1-2)]Gal(b1-3)GlcNAc(b1-Sp8,1
104,Gal(a1-3)[Fuc(a1-2)]Gal(b1-4)[Fuc(a1-3)]GlcNAc(b1-Sp0,1
105,Gal(a1-3)[Fuc(a1-2)]Gal(b1-4)[Fuc(a1-3)]GlcNAc(b1-Sp8,1
106,Gal(a1-3)[Fuc(a1-2)]Gal(b1-4)GlcNAc(b1-Sp0,1
107,Gal(a1-3)[Fuc(a1-2)]Gal(b1-4)Glc(b1-Sp0,1
108,Gal(a1-3)[Fuc(a1-2)]Gal(b1-Sp8,1
109,Gal(a1-3)[Fuc(a1-2)]Gal(b1-Sp18,1
110,Gal(a1-4)[Gal(a1-3)]Gal(b1-4)GlcNAc(b1-Sp8,1
111,Gal(a1-3)GalNAc(a1-Sp8,1
112,Gal(a1-3)GalNAc(a1-Sp16,1
113,Gal(a1-3)GalNAc(b1-Sp8,1
114,Gal(a1-3)Gal(b1-4)[Fuc(a1-3)]GlcNAc(b1-Sp8,1
115,Gal(a1-3)Gal(b1-3)GlcNAc(b1-Sp0,1
116,Gal(a1-3)Gal(b1-4)GlcNAc(b1-Sp8,1
117,Gal(a1-3)Gal(b1-4)Glc(b1-Sp0,1
118,Gal(a1-3)Gal(b1-4)Glc(b1-Sp10,1
119,Gal(a1-3)Gal(b1-Sp8,1
120,Gal(a1-4)[Fuc(a1-2)]Gal(b1-4)GlcNAc(b1-Sp8,1
121,Gal(a1-4)Gal(b1-4)GlcNAc(b1-Sp0,1
122,Gal(a1-4)Gal(b1-4)GlcNAc(b1-Sp8,1
123,Gal(a1-4)Gal(b1-4)Glc(b1-Sp0,1
124,Gal(a1-4)GlcNAc(b1-Sp8,1
125,Gal(a1-6)Glc(b1-Sp8,1
126,Gal(b1-2)Gal(b1-Sp8,1
127,Gal(b1-3)[Fuc(a1-4)]GlcNAc(b1-3)Gal(b1-4)[Fuc(a1-3)]GlcNAc(b1-Sp0,1
128,Gal(b1-3)[Fuc(a1-4)]GlcNAc(b1-3)Gal(b1-4)GlcNAc(b1-Sp0,1
129,Gal(b1-3)[Fuc(a1-4)]GlcNAc(a1-Sp0,1
130,Gal(b1-3)[Fuc(a1-4)]GlcNAc(a1-Sp8,1
131,Fuc(a1-4)[Gal(b1-3)]GlcNAc(b1-Sp8,1
132,Gal(b1-4)GlcNAc(b1-6)GalNAc(a1-Sp8,1
133,Gal(b1-4)GlcNAc(b1-6)GalNAc(b1-Sp14,1
134,GlcNAc(b1-6)[Gal(b1-3)]GalNAc(a1-Sp8,1
135,GlcNAc(b1-6)[Gal(b1-3)]GalNAc(a1-Sp14,1
136,Neu5Ac(a2-6)[Gal(b1-3)]GalNAc(a1-Sp8,1
137,Neu5Ac(a2-6)[Gal(b1-3)]GalNAc(a1-Sp14,1
138,Neu5Ac(b2-6)[Gal(b1-3)]GalNAc(a1-Sp8,1
139,Neu5Ac(a2-6)[Gal(b1-3)]GlcNAc(b1-4)Gal(b1-4)Glc(b1-Sp10,1
140,Gal(b1-3)GalNAc(a1-Sp8,1
141,Gal(b1-3)GalNAc(a1-Sp14,1
142,Gal(b1-3)GalNAc(a1-Sp16,1
143,Gal(b1-3)GalNAc(b1-Sp8,1
144,Gal(b1-3)GalNAc(b1-3)Gal(a1-4)Gal(b1-4)Glc(b1-Sp0,1
145,Gal(b1-3)GalNAc(b1-4)[Neu5Ac(a2-3)]Gal(b1-4)Glc(b1-Sp0,1
146,Gal(b1-3)GalNAc(b1-4)Gal(b1-4)Glc(b1-Sp8,1
147,Gal(b1-3)Gal(b1-Sp8,1
148,Gal(b1-3)GlcNAc(b1-3)Gal(b1-4)GlcNAc(b1-Sp0,1
149,Gal(b1-3)GlcNAc(b1-3)Gal(b1-4)Glc(b1-Sp10,1
150,Gal(b1-3)GlcNAc(b1-Sp0,1
151,Gal(b1-3)GlcNAc(b1-Sp8,1
152,Gal(b1-4)[Fuc(a1-3)]GlcNAc(b1-Sp0,1
153,Gal(b1-4)[Fuc(a1-3)]GlcNAc(b1-Sp8,1
154,Gal(b1-4)[Fuc(a1-3)]GlcNAc(b1-3)Gal(b1-4)[Fuc(a1-3)]GlcNAc(b1-Sp0,1
155,Gal(b1-4)[Fuc(a1-3)]GlcNAc(b1-3)Gal(b1-4)[Fuc(a1-3)]GlcNAc(b1-3)Gal(b1-4)[Fuc(a1-3)]GlcNAc(b1-Sp0,1
156,Gal(b1-4)(6S)Glc(b1-Sp0,1
157,Gal(b1-4)(6S)Glc(b1-Sp8,1
158,Gal(b1-4)GalNAc(a1-3)[Fuc(a1-2)]Gal(b1-4)GlcNAc(b1-Sp8,1
159,Gal(b1-4)GalNAc(b1-3)[Fuc(a1-2)]Gal(b1-4)GlcNAc(b1-Sp8,1
160,Gal(b1-4)GlcNAc(b1-3)GalNAc(a1-Sp8,1
161,Gal(b1-4)GlcNAc(b1-3)GalNAc(b1-Sp14,1
162,Gal(b1-4)GlcNAc(b1-3)Gal(b1-4)[Fuc(a1-3)]GlcNAc(b1-3)Gal(b1-4)[Fuc(a1-3)]GlcNAc(b1-Sp0,1
163,Gal(b1-4)GlcNAc(b1-3)Gal(b1-4)GlcNAc(b1-3)Gal(b1-4)GlcNAc(b1-Sp0,1
164,Gal(b1-4)GlcNAc(b1-3)Gal(b1-4)GlcNAc(b1-Sp0,1
165,Gal(b1-4)GlcNAc(b1-3)Gal(b1-4)Glc(b1-Sp0,1
166,Gal(b1-4)GlcNAc(b1-3)Gal(b1-4)Glc(b1-Sp8,1
167,Gal(b1-4)GlcNAc(b1-6)[Gal(b1-3)]GalNAc(a1-Sp8,1
168,Gal(b1-4)GlcNAc(b1-6)[Gal(b1-3)]GalNAc(b1-Sp14,1
169,Gal(b1-4)GlcNAc(b1-Sp0,1
170,Gal(b1-4)GlcNAc(b1-Sp8,1
171,Gal(b1-4)GlcNAc(b1-Sp23,1
172,Gal(b1-4)Glc(b1-Sp0,1
173,Gal(b1-4)Glc(b1-Sp8,1
174,GlcNAc(a1-3)Gal(b1-4)GlcNAc(b1-Sp8,1
175,GlcNAc(a1-6)Gal(b1-4)GlcNAc(b1-Sp8,1
176,GlcNAc(b1-2)Gal(b1-3)GalNAc(a1-Sp8,1
177,GlcNAc(b1-6)[GlcNAc(b1-3)]GalNAc(a1-Sp8,1
178,GlcNAc(b1-6)[GlcNAc(b1-3)]GalNAc(a1-Sp14,1
179,GlcNAc(b1-6)[GlcNAc(b1-3)]Gal(b1-4)GlcNAc(b1-Sp8,1
180,GlcNAc(b1-3)GalNAc(a1-Sp8,1
181,GlcNAc(b1-3)GalNAc(a1-Sp14,1
182,GlcNAc(b1-3)Gal(b1-Sp8,1
183,GlcNAc(b1-3)Gal(b1-4)GlcNAc(b1-Sp0,1
184,GlcNAc(b1-3)Gal(b1-4)GlcNAc(b1-Sp8,1
185,GlcNAc(b1-3)Gal(b1-4)GlcNAc(b1-3)Gal(b1-4)GlcNAc(b1-Sp0,1
186,GlcNAc(b1-3)Gal(b1-4)Glc(b1-Sp0,1
187,GlcNAc(b1-MDPLys,1
188,GlcNAc(b1-6)[GlcNAc(b1-4)]GalNAc(a1-Sp8,1
189,GlcNAc(b1-4)Gal(b1-4)GlcNAc(b1-Sp8,1
190,GlcNAc(b1-4)GlcNAc(b1-4)GlcNAc(b1-4)GlcNAc(b1-4)GlcNAc(b1-4)GlcNAc(b1-Sp8,1
191,GlcNAc(b1-4)GlcNAc(b1-4)GlcNAc(b1-4)GlcNAc(b1-4)GlcNAc(b1-Sp8,1
192,GlcNAc(b1-4)GlcNAc(b1-4)GlcNAc(b1-Sp8,1
193,GlcNAc(b1-6)GalNAc(a1-Sp8,1
194,GlcNAc(b1-6)GalNAc(a1-Sp14,1
195,GlcNAc(b1-6)Gal(b1-4)GlcNAc(b1-Sp8,1
196,Glc(a1-4)Glc(b1-Sp8,1
197,Glc(a1-4)Glc(a1-Sp8,1
198,Glc(a1-6)Glc(a1-6)Glc(b1-Sp8,1
199,Glc(b1-4)Glc(b1-Sp8,1
200,Glc(b1-6)Glc(b1-Sp8,1
202,GlcA(a1-Sp8,1
203,GlcA(b1-Sp8,1
204,GlcA(b1-3)Gal(b1-Sp8,1
205,GlcA(b1-6)Gal(b1-Sp8,1
206,KDN(a2-3)Gal(b1-3)GlcNAc(b1-Sp0,1
207,KDN(a2-3)Gal(b1-4)GlcNAc(b1-Sp0,1
208,Man(a1-2)Man(a1-2)Man(a1-3)Man(a1-Sp9,1
209,Man(a1-2)Man(a1-6)[Man(a1-2)Man(a1-3)]Man(a1-Sp9,1
210,Man(a1-2)Man(a1-3)Man(a1-Sp9,1
211,Man(a1-6)[Man(a1-2)Man(a1-3)]Man(a1-6)[Man(a1-2)Man(a1-3)]Man(b1-4)GlcNAc(b1-4)GlcNAc(b1-Sp12,1
212,Man(a1-2)Man(a1-6)[Man(a1-3)]Man(a1-6)[Man(a1-2)Man(a1-2)Man(a1-3)]Man(b1-4)GlcNAc(b1-4)GlcNAc(b1-Sp12,1
213,Man(a1-2)Man(a1-6)[Man(a1-2)Man(a1-3)]Man(a1-6)[Man(a1-2)Man(a1-2)Man(a1-3)]Man(b1-4)GlcNAc(b1-4)GlcNAc(b1-Sp12,1
214,Man(a1-6)[Man(a1-3)]Man(a1-Sp9,1
215,Man(a1-2)Man(a1-2)Man(a1-6)[Man(a1-3)]Man(a1-Sp9,1
216,Man(a1-6)[Man(a1-3)]Man(a1-6)[Man(a1-2)Man(a1-3)]Man(b1-4)GlcNAc(b1-4)GlcNAc(b1-Sp12,1
217,Man(a1-6)[Man(a1-3)]Man(a1-6)[Man(a1-3)]Man(b1-4)GlcNAc(b1-4)GlcNAc(b1-Sp12,1
218,Man(b1-4)GlcNAc(b1-Sp0,1
219,Neu5Ac(a2-3)Gal(b1-4)GlcNAc(b1-3)Gal(b1-4)[Fuc(a1-3)]GlcNAc(b1-Sp0,1
220,(3S)Gal(b1-4)[Fuc(a1-3)](6S)GlcNAc(b1-Sp8,1
221,Fuc(a1-2)(6S)Gal(b1-4)GlcNAc(b1-Sp0,1
222,Fuc(a1-2)Gal(b1-4)(6S)GlcNAc(b1-Sp8,1
223,Fuc(a1-2)(6S)Gal(b1-4)(6S)Glc(b1-Sp0,1
224,Neu5Ac(a2-3)Gal(b1-3)GalNAc(a1-Sp8,1
225,Neu5Ac(a2-3)Gal(b1-3)GalNAc(a1-Sp14,1
226,GalNAc(b1-4)[Neu5Ac(a2-8)Neu5Ac(a2-8)Neu5Ac(a2-8)Neu5Ac(a2-3)]Gal(b1-4)Glc(b1-Sp0,1
227,GalNAc(b1-4)[Neu5Ac(a2-8)Neu5Ac(a2-8)Neu5Ac(a2-3)]Gal(b1-4)Glc(b1-Sp0,1
228,Neu5Ac(a2-8)Neu5Ac(a2-8)Neu5Ac(a2-3)Gal(b1-4)Glc(b1-Sp0,1
229,GalNAc(b1-4)[Neu5Ac(a2-8)Neu5Ac(a2-3)]Gal(b1-4)Glc(b1-Sp0,1
230,Neu5Ac(a2-8)Neu5Ac(a2-8)Neu5Ac(a1-Sp8,1
231,Neu5Ac(a2-3)(6S)Gal(b1-4)[Fuc(a1-3)]GlcNAc(b1-Sp8,1
232,GalNAc(b1-4)[Neu5Ac(a2-3)]Gal(b1-4)GlcNAc(b1-Sp0,1
233,GalNAc(b1-4)[Neu5Ac(a2-3)]Gal(b1-4)GlcNAc(b1-Sp8,1
234,GalNAc(b1-4)[Neu5Ac(a2-3)]Gal(b1-4)Glc(b1-Sp0,1
235,Neu5Ac(a2-3)Gal(b1-3)GalNAc(b1-4)[Neu5Ac(a2-3)]Gal(b1-4)Glc(b1-Sp0,1
236,Neu5Ac(a2-6)[Neu5Ac(a2-3)]GalNAc(a1-Sp8,1
237,Neu5Ac(a2-3)GalNAc(a1-Sp8,1
238,Neu5Ac(a2-3)GalNAc(b1-4)GlcNAc(b1-Sp0,1
239,Neu5Ac(a2-3)Gal(b1-3)(6S)GlcNAc(a1-Sp8,1
240,Neu5Ac(a2-3)Gal(b1-3)[Fuc(a1-4)]GlcNAc(b1-Sp8,1
241,Neu5Ac(a2-3)Gal(b1-3)[Fuc(a1-4)]GlcNAc(b1-3)Gal(b1-4)[Fuc(a1-3)]GlcNAc(b1-Sp0,1
242,Neu5Ac(a2-3)Gal(b1-4)[Neu5Ac(a2-3)Gal(b1-3)]GlcNAc(b1-Sp8,1
243,Neu5Ac(a2-3)Gal(b1-3)(6S)GalNAc(a1-Sp8,1
244,Neu5Ac(a2-6)[Neu5Ac(a2-3)Gal(b1-3)]GalNAc(a1-Sp8,1
245,Neu5Ac(a2-6)[Neu5Ac(a2-3)Gal(b1-3)]GalNAc(a1-Sp14,1
246,Neu5Ac(a2-3)Gal(b1-Sp8,1
247,Neu5Ac(a2-3)Gal(b1-3)GalNAc(b1-3)Gal(a1-4)Gal(b1-4)Glc(b1-Sp0,1
248,Neu5Ac(a2-3)Gal(b1-3)GlcNAc(b1-3)Gal(b1-4)GlcNAc(b1-Sp0,1
249,Fuc(a1-2)(6S)Gal(b1-4)Glc(b1-Sp0,1
250,Neu5Ac(a2-3)Gal(b1-3)GlcNAc(b1-Sp0,1
251,Neu5Ac(a2-3)Gal(b1-3)GlcNAc(b1-Sp8,1
252,Neu5Ac(a2-3)Gal(b1-4)(6S)GlcNAc(b1-Sp8,1
253,Neu5Ac(a2-3)Gal(b1-4)[Fuc(a1-3)](6S)GlcNAc(b1-Sp8,1
254,Neu5Ac(a2-3)Gal(b1-4)[Fuc(a1-3)]GlcNAc(b1-3)Gal(b1-4)[Fuc(a1-3)]GlcNAc(b1-3)Gal(b1-4)[Fuc(a1-3)]GlcNAc(b1-Sp0,1
255,Neu5Ac(a2-3)Gal(b1-4)[Fuc(a1-3)]GlcNAc(b1-Sp0,1
256,Neu5Ac(a2-3)Gal(b1-4)[Fuc(a1-3)]GlcNAc(b1-Sp8,1
257,Neu5Ac(a2-3)Gal(b1-4)[Fuc(a1-3)]GlcNAc(b1-3)Gal(b1-Sp8,1
258,Neu5Ac(a2-3)Gal(b1-4)[Fuc(a1-3)]GlcNAc(b1-3)Gal(b1-4)GlcNAc(b1-Sp8,1
259,Neu5Ac(a2-3)Gal(b1-4)GlcNAc(b1-3)Gal(b1-4)GlcNAc(b1-3)Gal(b1-4)GlcNAc(b1-Sp0,1
260,Neu5Ac(a2-3)Gal(b1-4)GlcNAc(b1-Sp0,1
261,Neu5Ac(a2-3)Gal(b1-4)GlcNAc(b1-Sp8,1
262,Neu5Ac(a2-3)Gal(b1-4)GlcNAc(b1-3)Gal(b1-4)GlcNAc(b1-Sp0,1
263,Fuc(a1-2)Gal(b1-4)(6S)Glc(b1-Sp0,1
264,Neu5Ac(a2-3)Gal(b1-4)Glc(b1-Sp0,1
265,Neu5Ac(a2-3)Gal(b1-4)Glc(b1-Sp8,1
266,Neu5Ac(a2-6)GalNAc(a1-Sp8,1
267,Neu5Ac(a2-6)GalNAc(b1-4)GlcNAc(b1-Sp0,1
268,Neu5Ac(a2-6)Gal(b1-4)(6S)GlcNAc(b1-Sp8,1
269,Neu5Ac(a2-6)Gal(b1-4)GlcNAc(b1-Sp0,1
270,Neu5Ac(a2-6)Gal(b1-4)GlcNAc(b1-Sp8,1
271,Neu5Ac(a2-6)Gal(b1-4)GlcNAc(b1-3)Gal(b1-4)[Fuc(a1-3)]GlcNAc(b1-3)Gal(b1-4)[Fuc(a1-3)]GlcNAc(b1-Sp0,1
272,Neu5Ac(a2-6)Gal(b1-4)GlcNAc(b1-3)Gal(b1-4)GlcNAc(b1-Sp0,1
273,Neu5Ac(a2-6)Gal(b1-4)Glc(b1-Sp0,1
274,Neu5Ac(a2-6)Gal(b1-4)Glc(b1-Sp8,1
275,Neu5Ac(a2-6)Gal(b1-Sp8,1
276,Neu5Ac(a2-8)Neu5Ac(a1-Sp8,1
277,Neu5Ac(a2-8)Neu5Ac(a2-3)Gal(b1-4)Glc(b1-Sp0,1
278,Gal(b1-3)[Fuc(a1-4)]GlcNAc(b1-3)Gal(b1-3)[Fuc(a1-4)]GlcNAc(b1-Sp0,1
279,Neu5Ac(b2-6)GalNAc(a1-Sp8,1
280,Neu5Ac(b2-6)Gal(b1-4)GlcNAc(b1-Sp8,1
281,Neu5Gc(a2-3)Gal(b1-3)[Fuc(a1-4)]GlcNAc(b1-Sp0,1
282,Neu5Gc(a2-3)Gal(b1-3)GlcNAc(b1-Sp0,1
283,Neu5Gc(a2-3)Gal(b1-4)[Fuc(a1-3)]GlcNAc(b1-Sp0,1
284,Neu5Gc(a2-3)Gal(b1-4)GlcNAc(b1-Sp0,1
285,Neu5Gc(a2-3)Gal(b1-4)Glc(b1-Sp0,1
286,Neu5Gc(a2-6)GalNAc(a1-Sp0,1
287,Neu5Gc(a2-6)Gal(b1-4)GlcNAc(b1-Sp0,1
288,Neu5Gc(a1-Sp8,1
289,Neu5Ac(a2-3)Gal(b1-4)GlcNAc(b1-6)[Gal(b1-3)]GalNAc(a1-Sp14,1
290,Gal(b1-3)GlcNAc(b1-3)Gal(b1-3)GlcNAc(b1-Sp0,1
291,Gal(b1-4)[Fuc(a1-3)](6S)GlcNAc(b1-Sp0,1
292,Gal(b1-4)[Fuc(a1-3)](6S)Glc(b1-Sp0,1
293,Gal(b1-4)[Fuc(a1-3)]GlcNAc(b1-3)Gal(b1-3)[Fuc(a1-4)]GlcNAc(b1-Sp0,1
294,Gal(b1-4)GlcNAc(b1-3)Gal(b1-3)GlcNAc(b1-Sp0,1
295,Neu5Ac(a2-3)Gal(b1-3)GlcNAc(b1-3)Gal(b1-3)GlcNAc(b1-Sp0,1
296,Neu5Ac(a2-3)Gal(b1-4)GlcNAc(b1-3)Gal(b1-3)GlcNAc(b1-Sp0,1
297,4S(3S)Gal(b1-4)GlcNAc(b1-Sp0,1
298,(6S)Gal(b1-4)(6S)GlcNAc(b1-Sp0,1
299,(6P)Glc(b1-Sp10,1
300,Neu5Ac(a2-3)Gal(b1-4)[Fuc(a1-3)]GlcNAc(b1-6)[Gal(b1-3)]GalNAc(a1-Sp14,1
301,Gal(b1-3)Gal(b1-4)GlcNAc(b1-Sp8,1
302,Neu5Ac(a2-6)Gal(b1-4)GlcNAc(b1-2)Man(a1-6)[Gal(b1-4)GlcNAc(b1-2)Man(a1-3)]Man(b1-4)GlcNAc(b1-4)GlcNAc(b1-Sp12,1
303,Gal(b1-4)GlcNAc(b1-6)[Gal(b1-4)GlcNAc(b1-3)]Gal(b1-4)GlcNAc(b1-Sp0,1
304,GlcNAc(b1-6)[Gal(b1-4)GlcNAc(b1-3)]Gal(b1-4)GlcNAc(b1-Sp0,1
305,Gal(b1-4)GlcNAc(a1-6)Gal(b1-4)GlcNAc(b1-Sp0,1
306,Gal(b1-4)GlcNAc(b1-6)Gal(b1-4)GlcNAc(b1-Sp0,1
307,GalNAc(b1-3)Gal(b1-Sp8,1
308,GlcA(b1-3)GlcNAc(b1-Sp8,1
309,Neu5Ac(a2-6)Gal(b1-4)GlcNAc(b1-2)Man(a1-6)[GlcNAc(b1-2)Man(a1-3)]Man(b1-4)GlcNAc(b1-4)GlcNAc(b1-Sp12,1
310,GlcNAc(b1-3)Man(b1-Sp10,1
311,GlcNAc(b1-4)GlcNAc(b1-Sp10,1
312,GlcNAc(b1-4)GlcNAc(b1-Sp12,1
314,Man(a1-6)Man(b1-Sp10,1
315,Man(a1-6)[Man(a1-3)]Man(a1-6)[Man(a1-3)]Man(b1-Sp10,1
316,Man(a1-2)Man(a1-6)[Man(a1-3)]Man(a1-6)[Man(a1-2)Man(a1-2)Man(a1-3)]Man(a1-Sp9,1
317,Man(a1-2)Man(a1-6)[Man(a1-2)Man(a1-3)]Man(a1-6)[Man(a1-2)Man(a1-2)Man(a1-3)]Man(a1-Sp9,1
318,Neu5Ac(a2-3)Gal(b1-4)GlcNAc(b1-6)[Neu5Ac(a2-3)Gal(b1-3)]GalNAc(a1-Sp14,1
319,Neu5Ac(a2-6)Gal(b1-4)GlcNAc(b1-2)Man(a1-6)[Neu5Ac(a2-3)Gal(b1-4)GlcNAc(b1-2)Man(a1-3)]Man(b1-4)GlcNAc(b1-4)GlcNAc(b1-Sp12,1
320,Gal(b1-4)GlcNAc(b1-2)Man(a1-6)[Neu5Ac(a2-6)Gal(b1-4)GlcNAc(b1-2)Man(a1-3)]Man(b1-4)GlcNAc(b1-4)GlcNAc(b1-Sp12,1
321,GlcNAc(b1-2)Man(a1-6)[Neu5Ac(a2-6)Gal(b1-4)GlcNAc(b1-2)Man(a1-3)]Man(b1-4)GlcNAc(b1-4)GlcNAc(b1-Sp12,1
322,Neu5Ac(a2-8)Neu5Ac(b1-Sp17,1
323,Neu5Ac(a2-8)Neu5Ac(a2-8)Neu5Ac(b1-Sp8,1
324,Neu5Gc(b2-6)Gal(b1-4)GlcNAc(b1-Sp8,1
325,Gal(b1-3)GlcNAc(b1-2)Man(a1-6)[Gal(b1-3)GlcNAc(b1-2)Man(a1-3)]Man(b1-4)GlcNAc(b1-4)GlcNAc(b1-Sp19,1
326,Neu5Ac(a2-3)Gal(b1-4)GlcNAc(b1-2)Man(a1-6)[Neu5Ac(a2-3)Gal(b1-4)GlcNAc(b1-2)Man(a1-3)]Man(b1-4)GlcNAc(b1-4)GlcNAc(b1-Sp12,1
327,Neu5Ac(a2-3)Gal(b1-4)GlcNAc(b1-2)Man(a1-6)[Neu5Ac(a2-6)Gal(b1-4)GlcNAc(b1-2)Man(a1-3)]Man(b1-4)GlcNAc(b1-4)GlcNAc(b1-Sp12,1
328,Gal(b1-4)[Fuc(a1-3)]GlcNAc(b1-2)Man(a1-6)[Gal(b1-4)[Fuc(a1-3)]GlcNAc(b1-2)Man(a1-3)]Man(b1-4)GlcNAc(b1-4)GlcNAc(b1-Sp20,1
331,Neu5Ac(a2-6)Gal(b1-4)GlcNAc(b1-3)Gal(b1-3)GlcNAc(b1-Sp0,1
332,Neu5Ac(a2-3)Gal(b1-3)[Fuc(a1-4)]GlcNAc(b1-3)Gal(b1-3)[Fuc(a1-4)]GlcNAc(b1-Sp0,1
333,Neu5Ac(a2-6)Gal(b1-4)GlcNAc(b1-3)Gal(b1-4)GlcNAc(b1-3)Gal(b1-4)GlcNAc(b1-Sp0,1
334,Gal(a1-4)Gal(b1-4)GlcNAc(b1-3)Gal(b1-4)Glc(b1-Sp0,1
335,GalNAc(b1-3)Gal(a1-4)Gal(b1-4)GlcNAc(b1-3)Gal(b1-4)Glc(b1-Sp0,1
336,GalNAc(a1-3)[Fuc(a1-2)]Gal(b1-4)GlcNAc(b1-3)Gal(b1-4)GlcNAc(b1-Sp0,1
337,GalNAc(a1-3)[Fuc(a1-2)]Gal(b1-4)GlcNAc(b1-3)Gal(b1-4)GlcNAc(b1-3)Gal(b1-4)GlcNAc(b1-Sp0,1
338,Neu5Ac(a2-3)Gal(b1-4)[Fuc(a1-3)]GlcNAc(b1-6)[Neu5Ac(a2-3)Gal(b1-3)]GalNAc(b1-Sp14,1
339,GlcNAc(a1-4)Gal(b1-4)GlcNAc(b1-3)Gal(b1-4)GlcNAc(b1-3)Gal(b1-4)GlcNAc(b1-Sp0,1
340,GlcNAc(a1-4)Gal(b1-4)GlcNAc(b1-Sp0,1
341,GlcNAc(a1-4)Gal(b1-3)GlcNAc(b1-Sp0,1
342,GlcNAc(a1-4)Gal(b1-4)GlcNAc(b1-3)Gal(b1-4)Glc(b1-Sp0,1
343,GlcNAc(a1-4)Gal(b1-4)GlcNAc(b1-3)Gal(b1-4)[Fuc(a1-3)]GlcNAc(b1-3)Gal(b1-4)[Fuc(a1-3)]GlcNAc(b1-Sp0,1
344,GlcNAc(a1-4)Gal(b1-4)GlcNAc(b1-3)Gal(b1-4)GlcNAc(b1-Sp0,1
345,GlcNAc(a1-4)Gal(b1-3)GalNAc(b1-Sp14,1
346,Neu5Ac(a2-6)Gal(b1-4)GlcNAc(b1-2)Man(a1-6)[Man(a1-3)]Man(b1-4)GlcNAc(b1-4)GlcNAc(b1-Sp12,1
347,Man(a1-6)[Neu5Ac(a2-6)Gal(b1-4)GlcNAc(b1-2)Man(a1-3)]Man(b1-4)GlcNAc(b1-4)GlcNAc(b1-Sp12,1
348,Neu5Ac(a2-6)Gal(b1-4)GlcNAc(b1-2)Man(a1-6)Man(b1-4)GlcNAc(b1-4)GlcNAc(b1-Sp12,1
349,Neu5Ac(a2-6)Gal(b1-4)GlcNAc(b1-2)Man(a1-3)Man(b1-4)GlcNAc(b1-4)GlcNAc(b1-Sp12,1
350,Gal(b1-4)GlcNAc(b1-2)Man(a1-3)Man(b1-4)GlcNAc(b1-4)GlcNAc(b1-Sp12,1
351,Gal(b1-4)GlcNAc(b1-2)Man(a1-6)Man(b1-4)GlcNAc(b1-4)GlcNAc(b1-Sp12,1
352,Man(a1-6)[Gal(b1-4)GlcNAc(b1-2)Man(a1-3)]Man(b1-4)GlcNAc(b1-4)GlcNAc(b1-Sp12,1
353,GlcNAc(b1-2)Man(a1-6)[GlcNAc(b1-2)Man(a1-3)]Man(b1-4)GlcNAc(b1-4)[Fuc(a1-6)]GlcNAc(b1-Sp22,1
354,Gal(b1-4)GlcNAc(b1-2)Man(a1-6)[Gal(b1-4)GlcNAc(b1-2)Man(a1-3)]Man(b1-4)GlcNAc(b1-4)[Fuc(a1-6)]GlcNAc(b1-Sp22,1
355,Gal(b1-3)GlcNAc(b1-2)Man(a1-6)[Gal(b1-3)GlcNAc(b1-2)Man(a1-3)]Man(b1-4)GlcNAc(b1-4)[Fuc(a1-6)]GlcNAc(b1-Sp22,1
356,(6S)GlcNAc(b1-3)Gal(b1-4)GlcNAc(b1-Sp0,1
357,KDN(a2-3)Gal(b1-4)[Fuc(a1-3)]GlcNAc(b1-Sp0,1
358,KDN(a2-6)Gal(b1-4)GlcNAc(b1-Sp0,1
359,KDN(a2-3)Gal(b1-4)Glc(b1-Sp0,1
360,KDN(a2-3)Gal(b1-3)GalNAc(a1-Sp14,1
361,Fuc(a1-2)Gal(b1-3)GlcNAc(b1-2)Man(a1-6)[Fuc(a1-2)Gal(b1-3)GlcNAc(b1-2)Man(a1-3)]Man(b1-4)GlcNAc(b1-4)GlcNAc(b1-Sp20,1
362,Fuc(a1-2)Gal(b1-4)GlcNAc(b1-2)Man(a1-6)[Fuc(a1-2)Gal(b1-4)GlcNAc(b1-2)Man(a1-3)]Man(b1-4)GlcNAc(b1-4)GlcNAc(b1-Sp20,1
363,Fuc(a1-2)Gal(b1-4)[Fuc(a1-3)]GlcNAc(b1-2)Man(a1-6)[Fuc(a1-2)Gal(b1-4)[Fuc(a1-3)]GlcNAc(b1-2)Man(a1-3)]Man(b1-4)GlcNAc(b1-4)GlcNAc(b1-Sp20,1
364,Gal(a1-3)Gal(b1-4)GlcNAc(b1-2)Man(a1-6)[Gal(a1-3)Gal(b1-4)GlcNAc(b1-2)Man(a1-3)]Man(b1-4)GlcNAc(b1-4)GlcNAc(b1-Sp20,1
365,Gal(b1-4)GlcNAc(b1-2)Man(a1-6)[Man(a1-3)]Man(b1-4)GlcNAc(b1-4)GlcNAc(b1-Sp12,1
366,Fuc(a1-4)[Gal(b1-3)]GlcNAc(b1-2)Man(a1-6)[Fuc(a1-4)[Gal(b1-3)]GlcNAc(b1-2)Man(a1-3)]Man(b1-4)GlcNAc(b1-4)[Fuc(a1-6)]GlcNAc(b1-Sp22,1
367,Neu5Ac(a2-6)GlcNAc(b1-4)GlcNAc(b1-Sp21,1
368,Neu5Ac(a2-6)GlcNAc(b1-4)GlcNAc(b1-4)GlcNAc(b1-Sp21,1
369,Gal(b1-4)[Fuc(a1-3)]GlcNAc(b1-6)[Fuc(a1-2)Gal(b1-4)GlcNAc(b1-3)]Gal(b1-4)Glc(b1-Sp21,1
370,Gal(b1-4)GlcNAc(b1-2)Man(a1-6)[Gal(b1-4)GlcNAc(b1-4)[Gal(b1-4)GlcNAc(b1-2)]Man(a1-3)]Man(b1-4)GlcNAc(b1-4)GlcNAc(b1-Sp21,1
371,GalNAc(a1-3)[Fuc(a1-2)]Gal(b1-4)GlcNAc(b1-2)Man(a1-6)[GalNAc(a1-3)[Fuc(a1-2)]Gal(b1-4)GlcNAc(b1-2)Man(a1-3)]Man(b1-4)GlcNAc(b1-4)GlcNAc(b1-Sp20,1
372,Gal(a1-3)[Fuc(a1-2)]Gal(b1-4)GlcNAc(b1-2)Man(a1-6)[Gal(a1-3)[Fuc(a1-2)]Gal(b1-4)GlcNAc(b1-2)Man(a1-3)]Man(b1-4)GlcNAc(b1-4)GlcNAc(b1-Sp20,1
373,Gal(a1-3)Gal(b1-4)[Fuc(a1-3)]GlcNAc(b1-2)Man(a1-6)[Gal(a1-3)Gal(b1-4)[Fuc(a1-3)]GlcNAc(b1-2)Man(a1-3)]Man(b1-4)GlcNAc(b1-4)GlcNAc(b1-Sp20,1
374,GalNAc(a1-3)[Fuc(a1-2)]Gal(b1-3)GlcNAc(b1-2)Man(a1-6)[GalNAc(a1-3)[Fuc(a1-2)]Gal(b1-3)GlcNAc(b1-2)Man(a1-3)]Man(b1-4)GlcNAc(b1-4)GlcNAc(b1-Sp20,1
375,Gal(a1-3)[Fuc(a1-2)]Gal(b1-3)GlcNAc(b1-2)Man(a1-6)[Gal(a1-3)[Fuc(a1-2)]Gal(b1-3)GlcNAc(b1-2)Man(a1-3)]Man(b1-4)GlcNAc(b1-4)GlcNAc(b1-Sp20,1
376,Fuc(a1-4)[Fuc(a1-2)Gal(b1-3)]GlcNAc(b1-2)Man(a1-6)[Fuc(a1-4)[Fuc(a1-2)Gal(b1-3)]GlcNAc(b1-2)Man(a1-3)]Man(b1-4)GlcNAc(b1-4)GlcNAc(b1-Sp19,1
377,Neu5Ac(a2-3)Gal(b1-4)GlcNAc(b1-3)GalNAc(b1-Sp14,1
378,Neu5Ac(a2-6)Gal(b1-4)GlcNAc(b1-3)GalNAc(b1-Sp14,1
379,Neu5Ac(a2-3)Gal(b1-4)[Fuc(a1-3)]GlcNAc(b1-3)GalNAc(a1-Sp14,1
380,GalNAc(b1-4)GlcNAc(b1-2)Man(a1-6)[GalNAc(b1-4)GlcNAc(b1-2)Man(a1-3)]Man(b1-4)GlcNAc(b1-4)GlcNAc(b1-Sp12,1
381,Gal(b1-3)GalNAc(a1-3)[Fuc(a1-2)]Gal(b1-4)Glc(b1-Sp0,1
382,Gal(b1-3)GalNAc(a1-3)[Fuc(a1-2)]Gal(b1-4)GlcNAc(b1-Sp0,1
383,Gal(b1-3)GlcNAc(b1-3)Gal(b1-4)GlcNAc(b1-6)[Gal(b1-3)GlcNAc(b1-3)]Gal(b1-4)Glc(b1-Sp0,1
384,Gal(b1-4)[Fuc(a1-3)]GlcNAc(b1-6)[Gal(b1-3)GlcNAc(b1-3)]Gal(b1-4)Glc(b1-Sp21,1
385,Gal(b1-4)GlcNAc(b1-6)[Fuc(a1-4)[Fuc(a1-2)Gal(b1-3)]GlcNAc(b1-3)]Gal(b1-4)Glc(b1-Sp21,1
386,Gal(b1-4)[Fuc(a1-3)]GlcNAc(b1-6)[Fuc(a1-4)[Fuc(a1-2)Gal(b1-3)]GlcNAc(b1-3)]Gal(b1-4)Glc(b1-Sp21,1
387,Gal(b1-3)GlcNAc(b1-3)Gal(b1-4)[Fuc(a1-3)]GlcNAc(b1-6)[Gal(b1-3)GlcNAc(b1-3)]Gal(b1-4)Glc(b1-Sp21,1
388,Gal(b1-4)GlcNAc(b1-6)[Gal(b1-4)GlcNAc(b1-2)]Man(a1-6)[Gal(b1-4)GlcNAc(b1-4)[Gal(b1-4)GlcNAc(b1-2)]Man(a1-3)]Man(b1-4)GlcNAc(b1-4)GlcNAc(b1-Sp21,1
389,GlcNAc(b1-2)Man(a1-6)[GlcNAc(b1-4)[GlcNAc(b1-2)]Man(a1-3)]Man(b1-4)GlcNAc(b1-4)GlcNAc(b1-Sp21,1
390,Fuc(a1-2)Gal(b1-3)GalNAc(a1-3)[Fuc(a1-2)]Gal(b1-4)Glc(b1-Sp0,1
391,Fuc(a1-2)Gal(b1-3)GalNAc(a1-3)[Fuc(a1-2)]Gal(b1-4)GlcNAc(b1-Sp0,1
392,Gal(b1-3)GlcNAc(b1-3)GalNAc(a1-Sp14,1
393,GalNAc(b1-4)[Neu5Ac(a2-3)]Gal(b1-4)GlcNAc(b1-3)GalNAc(a1-Sp14,1
394,GalNAc(a1-3)[Fuc(a1-2)]Gal(b1-3)GalNAc(a1-3)[Fuc(a1-2)]Gal(b1-4)GlcNAc(b1-Sp0,1
395,Gal(a1-3)Gal(b1-3)GlcNAc(b1-2)Man(a1-6)[Gal(a1-3)Gal(b1-3)GlcNAc(b1-2)Man(a1-3)]Man(b1-4)GlcNAc(b1-4)GlcNAc(b1-Sp19,1
396,Gal(a1-3)Gal(b1-3)[Fuc(a1-4)]GlcNAc(b1-2)Man(a1-6)[Gal(a1-3)Gal(b1-3)[Fuc(a1-4)]GlcNAc(b1-2)Man(a1-3)]Man(b1-4)GlcNAc(b1-4)GlcNAc(b1-Sp19,1
397,Neu5Ac(a2-3)Gal(b1-3)GlcNAc(b1-2)Man(a1-6)[Neu5Ac(a2-3)Gal(b1-3)GlcNAc(b1-2)Man(a1-3)]Man(b1-4)GlcNAc(b1-4)GlcNAc(b1-Sp19,1
398,GlcNAc(b1-2)Man(a1-6)[Gal(b1-4)GlcNAc(b1-2)Man(a1-3)]Man(b1-4)GlcNAc(b1-4)GlcNAc(b1-Sp12,1
399,Gal(b1-4)GlcNAc(b1-2)Man(a1-6)[GlcNAc(b1-2)Man(a1-3)]Man(b1-4)GlcNAc(b1-4)GlcNAc(b1-Sp12,1
400,Neu5Ac(a2-3)Gal(b1-3)GlcNAc(b1-3)GalNAc(a1-Sp14,1
401,Fuc(a1-2)Gal(b1-4)GlcNAc(b1-3)GalNAc(a1-Sp14,1
402,Gal(b1-4)[Fuc(a1-3)]GlcNAc(b1-3)GalNAc(a1-Sp14,1
403,GalNAc(a1-3)GalNAc(b1-3)Gal(a1-4)Gal(b1-4)GlcNAc(b1-Sp0,1
404,Gal(a1-4)Gal(b1-3)GlcNAc(b1-2)Man(a1-6)[Gal(a1-4)Gal(b1-3)GlcNAc(b1-2)Man(a1-3)]Man(b1-4)GlcNAc(b1-4)GlcNAc(b1-Sp19,1
405,Gal(a1-4)Gal(b1-4)GlcNAc(b1-2)Man(a1-6)[Gal(a1-4)Gal(b1-4)GlcNAc(b1-2)Man(a1-3)]Man(b1-4)GlcNAc(b1-4)GlcNAc(b1-Sp24,1
406,Gal(a1-3)Gal(b1-4)GlcNAc(b1-3)GalNAc(a1-Sp14,1
407,Gal(b1-3)GlcNAc(b1-6)Gal(b1-4)GlcNAc(b1-Sp0,1
408,Gal(b1-3)GlcNAc(a1-6)Gal(b1-4)GlcNAc(b1-Sp0,1
409,GalNAc(b1-3)Gal(a1-6)Gal(b1-4)Glc(b1-Sp8,1
410,Gal(a1-3)[Fuc(a1-2)]Gal(b1-4)[Fuc(a1-3)]Glc(b1-Sp21,1
411,Gal(b1-4)GlcNAc(b1-6)[Neu5Ac(a2-6)Gal(b1-3)GlcNAc(b1-3)]Gal(b1-4)Glc(b1-Sp21,1
412,Gal(b1-3)GalNAc(b1-4)[Neu5Ac(a2-8)Neu5Ac(a2-3)]Gal(b1-4)Glc(b1-Sp0,1
413,Neu5Ac(a2-3)Gal(b1-3)GalNAc(b1-4)[Neu5Ac(a2-8)Neu5Ac(a2-3)]Gal(b1-4)Glc(b1-Sp0,1
414,Gal(a1-3)[Fuc(a1-2)]Gal(b1-4)GlcNAc(b1-3)GalNAc(a1-Sp14,1
415,GalNAc(a1-3)[Fuc(a1-2)]Gal(b1-4)GlcNAc(b1-3)GalNAc(a1-Sp14,1
416,GalNAc(a1-3)GalNAc(b1-3)Gal(a1-4)Gal(b1-4)Glc(b1-Sp0,1
417,Fuc(a1-2)Gal(b1-4)[Fuc(a1-3)]GlcNAc(b1-3)GalNAc(a1-Sp14,1
418,Gal(a1-3)[Fuc(a1-2)]Gal(b1-4)[Fuc(a1-3)]GlcNAc(b1-3)GalNAc(b1-Sp14,1
419,GalNAc(a1-3)[Fuc(a1-2)]Gal(b1-4)[Fuc(a1-3)]GlcNAc(b1-3)GalNAc(b1-Sp14,1
420,Gal(b1-4)[Fuc(a1-3)]GlcNAc(b1-2)Man(a1-6)[Gal(b1-4)[Fuc(a1-3)]GlcNAc(b1-2)Man(a1-3)]Man(b1-4)GlcNAc(b1-4)[Fuc(a1-6)]GlcNAc(b1-Sp22,1
421,Fuc(a1-2)Gal(b1-4)GlcNAc(b1-2)Man(a1-6)[Fuc(a1-2)Gal(b1-4)GlcNAc(b1-2)Man(a1-3)]Man(b1-4)GlcNAc(b1-4)[Fuc(a1-6)]GlcNAc(b1-Sp22,1
422,GlcNAc(b1-2)[GlcNAc(b1-6)]Man(a1-6)[GlcNAc(b1-2)Man(a1-3)]Man(b1-4)GlcNAc(b1-4)GlcNAc(b1-Sp19,1
423,Fuc(a1-2)Gal(b1-3)GlcNAc(b1-3)GalNAc(b1-Sp14,1
424,Gal(a1-3)[Fuc(a1-2)]Gal(b1-3)GlcNAc(b1-3)GalNAc(b1-Sp14,1
425,GalNAc(a1-3)[Fuc(a1-2)]Gal(b1-3)GlcNAc(b1-3)GalNAc(b1-Sp14,1
426,Gal(a1-3)Gal(b1-3)GlcNAc(b1-3)GalNAc(b1-Sp14,1
427,Fuc(a1-2)Gal(b1-3)GlcNAc(b1-2)Man(a1-6)[Fuc(a1-2)Gal(b1-3)GlcNAc(b1-2)Man(a1-3)]Man(b1-4)GlcNAc(b1-4)[Fuc(a1-6)]GlcNAc(b1-Sp22,1
428,Gal(a1-3)[Fuc(a1-2)]Gal(b1-4)GlcNAc(b1-2)Man(a1-6)[Gal(a1-3)[Fuc(a1-2)]Gal(b1-4)GlcNAc(b1-2)Man(a1-3)]Man(b1-4)GlcNAc(b1-4)[Fuc(a1-6)]GlcNAc(b1-Sp22,1
429,Gal(b1-3)GlcNAc(b1-6)[Gal(b1-3)GlcNAc(b1-2)]Man(a1-6)[Gal(b1-3)GlcNAc(b1-2)Man(a1-3)]Man(b1-4)GlcNAc(b1-4)GlcNAc(b1-Sp19,1
430,Gal(b1-4)GlcNAc(b1-6)[Fuc(a1-2)Gal(b1-3)GlcNAc(b1-3)]Gal(b1-4)Glc(b1-Sp21,1
431,Fuc(a1-3)GlcNAc(b1-6)[Gal(b1-4)GlcNAc(b1-3)]Gal(b1-4)Glc(b1-Sp21,1
432,GlcNAc(b1-2)Man(a1-6)[GlcNAc(b1-4)][GlcNAc(b1-2)Man(a1-3)]Man(b1-4)GlcNAc(b1-4)GlcNAc(b1-Sp21,1
433,GlcNAc(b1-2)Man(a1-6)[GlcNAc(b1-4)][GlcNAc(b1-4)[GlcNAc(b1-2)]Man(a1-3)]Man(b1-4)GlcNAc(b1-4)GlcNAc(b1-Sp21,1
434,GlcNAc(b1-6)[GlcNAc(b1-2)]Man(a1-6)[GlcNAc(b1-4)][GlcNAc(b1-2)Man(a1-3)]Man(b1-4)GlcNAc(b1-4)GlcNAc(b1-Sp21,1
435,GlcNAc(b1-6)[GlcNAc(b1-2)]Man(a1-6)[GlcNAc(b1-4)][GlcNAc(b1-4)[GlcNAc(b1-2)]Man(a1-3)]Man(b1-4)GlcNAc(b1-4)GlcNAc(b1-Sp21,1
436,Gal(b1-4)GlcNAc(b1-2)Man(a1-6)[GlcNAc(b1-4)][Gal(b1-4)GlcNAc(b1-2)Man(a1-3)]Man(b1-4)GlcNAc(b1-4)GlcNAc(b1-Sp21,1
437,Gal(b1-4)GlcNAc(b1-2)Man(a1-6)[GlcNAc(b1-4)][Gal(b1-4)GlcNAc(b1-4)[Gal(b1-4)GlcNAc(b1-2)]Man(a1-3)]Man(b1-4)GlcNAc(b1-4)GlcNAc(b1-Sp21,1
438,Gal(b1-4)GlcNAc(b1-6)[Gal(b1-4)GlcNAc(b1-2)]Man(a1-6)[GlcNAc(b1-4)][Gal(b1-4)GlcNAc(b1-2)Man(a1-3)]Man(b1-4)GlcNAc(b1-4)GlcNAc(b1-Sp21,1
439,Gal(b1-4)GlcNAc(b1-6)[Gal(b1-4)GlcNAc(b1-2)]Man(a1-6)[GlcNAc(b1-4)][Gal(b1-4)GlcNAc(b1-4)[Gal(b1-4)GlcNAc(b1-2)]Man(a1-3)]Man(b1-4)GlcNAc(b1-4)GlcNAc(b1-Sp21,1
440,Gal(b1-4)Gal(b1-Sp10,1
441,Gal(b1-6)Gal(b1-Sp10,1
442,Neu5Ac(a2-3)Gal(b1-4)GlcNAc(b1-3)Gal(b1-Sp8,1
443,GalNAc(b1-6)GalNAc(b1-Sp8,1
444,(6S)Gal(b1-3)GlcNAc(b1-Sp0,1
445,(6S)Gal(b1-3)(6S)GlcNAc(1-Sp0,1
446,Fuc(a1-2)Gal(b1-4)GlcNAc(b1-2)Man(a1-6)[Fuc(a1-2)Gal(b1-4)GlcNAc(b1-2)[Fuc(a1-2)Gal(b1-4)GlcNAc(b1-4)]Man(a1-3)]Man(b1-4)GlcNAc(b1-4)GlcNAc(b1-Sp12,1
447,Gal(b1-4)[Fuc(a1-3)]GlcNAc(b1-6)GalNAc(b1-Sp14,1
448,Gal(b1-4)GlcNAc(b1-2)Man(a1-Sp0,1
449,Fuc(a1-2)Gal(b1-4)GlcNAc(b1-6)[Fuc(a1-2)Gal(b1-4)GlcNAc(b1-3)]GalNAc(b1-Sp14,1
450,Gal(a1-3)[Fuc(a1-2)]Gal(b1-4)GlcNAc(b1-6)[Gal(a1-3)[Fuc(a1-2)]Gal(b1-4)GlcNAc(b1-3)]GalNAc(b1-Sp14,1
451,GalNAc(a1-3)[Fuc(a1-2)]Gal(b1-4)GlcNAc(b1-6)[GalNAc(a1-3)[Fuc(a1-2)]Gal(b1-4)GlcNAc(b1-3)]GalNAc(b1-Sp14,1
452,GalNAc(a1-3)[Fuc(a1-2)]Gal(b1-4)GlcNAc(b1-6)[GalNAc(a1-3)[Fuc(a1-2)]Gal(b1-4)GlcNAc(b1-3)]GalNAc(a1-Sp14,1
453,Neu5Ac(a2-8)Neu5Ac(a2-3)Gal(b1-3)GalNAc(b1-4)[Neu5Ac(a2-8)Neu5Ac(a2-3)]Gal(b1-4)Glc(b1-Sp0,1
454,GalNAc(b1-4)Gal(b1-4)Glc(b1-Sp0,1
455,GalNAc(a1-3)[Fuc(a1-2)]Gal(b1-4)GlcNAc(b1-2)Man(a1-6)[GalNAc(a1-3)[Fuc(a1-2)]Gal(b1-4)GlcNAc(b1-2)Man(a1-3)]Man(b1-4)GlcNAc(b1-4)[Fuc(a1-6)]GlcNAc(b1-Sp22,1
456,Gal(a1-3)[Fuc(a1-2)]Gal(b1-3)GlcNAc(b1-2)Man(a1-6)[Gal(a1-3)[Fuc(a1-2)]Gal(b1-3)GlcNAc(b1-2)Man(a1-3)]Man(b1-4)GlcNAc(b1-4)[Fuc(a1-6)]GlcNAc(b1-Sp22,1
457,Neu5Ac(a2-6)Gal(b1-4)GlcNAc(b1-6)[Fuc(a1-2)Gal(b1-3)GlcNAc(b1-3)]Gal(b1-4)Glc(b1-Sp21,1
458,GalNAc(a1-3)[Fuc(a1-2)]Gal(b1-3)GlcNAc(b1-2)Man(a1-6)[GalNAc(a1-3)[Fuc(a1-2)]Gal(b1-3)GlcNAc(b1-2)Man(a1-3)]Man(b1-4)GlcNAc(b1-4)[Fuc(a1-6)]GlcNAc(b1-Sp22,1
459,Gal(b1-4)GlcNAc(b1-6)[Gal(b1-4)GlcNAc(b1-2)]Man(a1-6)[Gal(b1-4)GlcNAc(b1-2)Man(a1-3)]Man(b1-4)GlcNAc(b1-4)GlcNAc(b1-Sp19,1
460,Neu5Ac(a2-3)Gal(b1-4)GlcNAc(b1-2)Man(a1-6)[GlcNAc(b1-4)][Neu5Ac(a2-3)Gal(b1-4)GlcNAc(b1-2)Man(a1-3)]Man(b1-4)GlcNAc(b1-4)GlcNAc(b1-Sp21,1
461,Neu5Ac(a2-3)Gal(b1-4)GlcNAc(b1-4)Man(a1-6)[GlcNAc(b1-4)][Neu5Ac(a2-3)Gal(b1-4)GlcNAc(b1-4)[Neu5Ac(a2-3)Gal(b1-4)GlcNAc(b1-2)]Man(a1-3)]Man(b1-4)GlcNAc(b1-4)GlcNAc(b1-Sp21,1
462,Neu5Ac(a2-3)Gal(b1-4)GlcNAc(b1-6)[Neu5Ac(a2-3)Gal(b1-4)GlcNAc(b1-2)]Man(a1-6)[GlcNAc(b1-4)][Neu5Ac(a2-3)Gal(b1-4)GlcNAc(b1-2)Man(a1-3)]Man(b1-4)GlcNAc(b1-4)GlcNAc(b1-Sp21,1
463,Neu5Ac(a2-3)Gal(b1-4)GlcNAc(b1-6)[Neu5Ac(a2-3)Gal(b1-4)GlcNAc(b1-2)]Man(a1-6)[GlcNAc(b1-4)][Neu5Ac(a2-3)Gal(b1-4)GlcNAc(b1-4)[Neu5Ac(a2-3)Gal(b1-4)GlcNAc(b1-2)]Man(a1-3)]Man(b1-4)GlcNAc(b1-4)GlcNAc(b1-Sp21,1
464,Neu5Ac(a2-6)Gal(b1-4)GlcNAc(b1-2)Man(a1-6)[GlcNAc(b1-4)][Neu5Ac(a2-6)Gal(b1-4)GlcNAc(b1-2)Man(a1-3)]Man(b1-4)GlcNAc(b1-4)GlcNAc(b1-Sp21,1
465,Neu5Ac(a2-6)Gal(b1-4)GlcNAc(b1-4)Man(a1-6)[GlcNAc(b1-4)][Neu5Ac(a2-6)Gal(b1-4)GlcNAc(b1-4)[Neu5Ac(a2-6)Gal(b1-4)GlcNAc(b1-2)]Man(a1-3)]Man(b1-4)GlcNAc(b1-4)GlcNAc(b1-Sp21,1
466,Neu5Ac(a2-6)Gal(b1-4)GlcNAc(b1-6)[Neu5Ac(a2-6)Gal(b1-4)GlcNAc(b1-2)]Man(a1-6)[GlcNAc(b1-4)][Neu5Ac(a2-6)Gal(b1-4)GlcNAc(b1-2)Man(a1-3)]Man(b1-4)GlcNAc(b1-4)GlcNAc(b1-Sp21,1
467,Neu5Ac(a2-6)Gal(b1-4)GlcNAc(b1-6)[Neu5Ac(a2-6)Gal(b1-4)GlcNAc(b1-2)]Man(a1-6)[GlcNAc(b1-4)][Neu5Ac(a2-6)Gal(b1-4)GlcNAc(b1-4)[Neu5Ac(a2-6)Gal(b1-4)GlcNAc(b1-2)]Man(a1-3)]Man(b1-4)GlcNAc(b1-4)GlcNAc(b1-Sp21,1
468,Gal(a1-3)[Fuc(a1-2)]Gal(b1-3)GalNAc(a1-Sp8,1
469,Gal(a1-3)[Fuc(a1-2)]Gal(b1-3)GalNAc(b1-Sp8,1
470,Glc(a1-6)Glc(a1-6)Glc(a1-6)Glc(b1-Sp10,1
471,Glc(a1-4)Glc(a1-4)Glc(a1-4)Glc(b1-Sp10,1
472,Neu5Ac(a2-3)Gal(b1-4)GlcNAc(b1-6)[Neu5Ac(a2-3)Gal(b1-4)GlcNAc(b1-3)]GalNAc(a1-Sp14,1
473,Fuc(a1-2)Gal(b1-4)[Fuc(a1-3)]GlcNAc(b1-2)Man(a1-6)[Fuc(a1-2)Gal(b1-4)[Fuc(a1-3)]GlcNAc(b1-2)Man(a1-3)]Man(b1-4)GlcNAc(b1-4)[Fuc(a1-6)]GlcNAc(b1-Sp24,1
474,Fuc(a1-2)Gal(b1-3)[Fuc(a1-4)]GlcNAc(b1-2)Man(a1-6)[Fuc(a1-2)Gal(b1-3)[Fuc(a1-4)]GlcNAc(b1-2)Man(a1-3)]Man(b1-4)GlcNAc(b1-4)[Fuc(a1-6)]GlcNAc(b-Sp19,1
475,Neu5Ac(a2-3)Gal(b1-3)GlcNAc(b1-6)[Neu5Ac(a2-3)Gal(b1-3)GlcNAc(b1-2)]Man(a1-6)[Neu5Ac(a2-3)Gal(b1-3)GlcNAc(b1-2)Man(a1-3)]Man(b1-4)GlcNAc(b1-4)GlcNAc(b1-Sp19,1
476,GlcNAc(b1-6)[GlcNAc(b1-2)]Man(a1-6)[GlcNAc(b1-2)Man(a1-3)]Man(b1-4)GlcNAc(b1-4)[Fuc(a1-6)]GlcNAc(b1-Sp24,1
477,Gal(b1-3)GlcNAc(b1-2)Man(a1-6)[GlcNAc(b1-4)][Gal(b1-3)GlcNAc(b1-2)Man(a1-3)]Man(b1-4)GlcNAc(b1-4)GlcNAc(b1-Sp21,1
478,Neu5Ac(a2-6)Gal(b1-4)GlcNAc(b1-6)[Gal(b1-3)GlcNAc(b1-3)]Gal(b1-4)Glc(b1-Sp21,1
479,Neu5Ac(a2-3)Gal(b1-4)GlcNAc(b1-2)Man(a1-Sp0,1
480,Neu5Ac(a2-3)Gal(b1-4)GlcNAc(b1-6)GalNAc(a1-Sp14,1
481,Neu5Ac(a2-6)Gal(b1-4)GlcNAc(b1-6)GalNAc(a1-Sp14,1
482,Neu5Ac(a2-6)Gal(b1-4)GlcNAc(b1-6)[Neu5Ac(a2-6)Gal(b1-4)GlcNAc(b1-3)]GalNAc(a1-Sp14,1
483,Neu5Ac(a2-6)Gal(b1-4)GlcNAc(b1-2)Man(a1-6)[Neu5Ac(a2-6)Gal(b1-4)GlcNAc(b1-2)Man(a1-3)]Man(b1-4)GlcNAc(b1-4)[Fuc(a1-6)]GlcNAc(b1-Sp24,1
484,Neu5Ac(a2-3)Gal(b1-4)GlcNAc(b1-2)Man(a1-6)[Neu5Ac(a2-3)Gal(b1-4)GlcNAc(b1-2)Man(a1-3)]Man(b1-4)GlcNAc(b1-4)[Fuc(a1-6)]GlcNAc(b1-Sp24,1
485,Man(a1-6)[Man(a1-3)]Man(b1-4)GlcNAc(b1-4)[Fuc(a1-6)]GlcNAc(b1-Sp19,1
486,Gal(b1-4)GlcNAc(b1-6)[Gal(b1-4)GlcNAc(b1-2)]Man(a1-6)[Gal(b1-4)GlcNAc(b1-2)Man(a1-3)]Man(b1-4)GlcNAc(b1-4)[Fuc(a1-6)]GlcNAc(b1-Sp24,1
487,Neu5Ac(a2-3)Gal(b1-3)GlcNAc(b1-2)Man(a1-6)[GlcNAc(b1-4)][Neu5Ac(a2-3)Gal(b1-3)GlcNAc(b1-2)Man(a1-3)]Man(b1-4)GlcNAc(b1-4)GlcNAc(b1-Sp21,1
488,Neu5Ac(a2-6)Gal(b1-4)GlcNAc(b1-6)[Fuc(a1-2)Gal(b1-4)[Fuc(a1-3)]GlcNAc(b1-3)]Gal(b1-4)Glc(b1-Sp21,1
489,Gal(b1-3)GlcNAc(b1-6)GalNAc(a1-Sp14,1
490,Gal(a1-3)Gal(b1-3)GlcNAc(b1-6)GalNAc(a1-Sp14,1
491,Gal(b1-3)[Fuc(a1-4)]GlcNAc(b1-6)GalNAc(a1-Sp14,1
492,Neu5Ac(a2-3)Gal(b1-3)GlcNAc(b1-6)GalNAc(a1-Sp14,1
493,(3S)Gal(b1-3)[Fuc(a1-4)]GlcNAc(b1-Sp0,1
494,Gal(b1-4)[Fuc(a1-3)]GlcNAc(b1-6)[Neu5Ac(a2-6)[Neu5Ac(a2-3)Gal(b1-3)]GlcNAc(b1-3)]Gal(b1-4)Glc(b1-Sp21,1
495,Fuc(a1-2)Gal(b1-4)GlcNAc(b1-6)GalNAc(a1-Sp14,1
496,Gal(a1-3)Gal(b1-4)GlcNAc(b1-6)GalNAc(a1-Sp14,1
497,Gal(b1-4)[Fuc(a1-3)]GlcNAc(b1-2)Man(a1-Sp0,1
498,Fuc(a1-2)(6S)Gal(b1-3)GlcNAc(b1-Sp0,1
499,Gal(a1-3)[Fuc(a1-2)]Gal(b1-4)GlcNAc(b1-6)GalNAc(a1-Sp14,1
500,Fuc(a1-2)Gal(b1-4)GlcNAc(b1-2)Man(a1-Sp0,1
501,Fuc(a1-2)Gal(b1-3)(6S)GlcNAc(b1-Sp0,1
502,Fuc(a1-2)(6S)Gal(b1-3)(6S)GlcNAc(b1-Sp0,1
503,Neu5Ac(a2-6)GalNAc(b1-4)(6S)GlcNAc(b1-Sp8,1
504,GalNAc(b1-4)[Fuc(a1-3)](6S)GlcNAc(b1-Sp8,1
505,(3S)GalNAc(b1-4)[Fuc(a1-3)]GlcNAc(b1-Sp8,1
506,Fuc(a1-2)Gal(b1-3)GlcNAc(b1-6)[Fuc(a1-2)Gal(b1-3)GlcNAc(b1-3)]GalNAc(a1-Sp14,1
507,GalNAc(a1-3)[Fuc(a1-2)]Gal(b1-3)GlcNAc(b1-6)GalNAc(a1-Sp14,1
510,Gal(b1-3)GlcNAc(a1-3)Gal(b1-4)GlcNAc(b1-Sp8,1
511,Gal(b1-3)(6S)GlcNAc(b1-Sp8,1
512,(6S)(4S)GalNAc(b1-4)GlcNAc(a1-Sp8,1
513,(6S)GalNAc(b1-4)GlcNAc(a1-Sp8,1
514,(3S)GalNAc(b1-4)(3S)GlcNAc(1-Sp8,1
515,GalNAc(b1-4)(6S)GlcNAc(a1-Sp8,1
516,(3S)GalNAc(b1-4)GlcNAc(a1-Sp8,1
517,(4S)GalNAc(b1-Sp10,1
518,Gal(b1-4)(6P)GlcNAc(b1-Sp0,1
519,(6P)Gal(b1-4)GlcNAc(b1-Sp0,1
520,GalNAc(a1-3)[Fuc(a1-2)]Gal(b1-4)GlcNAc(b1-6)GalNAc(b1-Sp14,1
521,Neu5Ac(a2-6)Gal(b1-4)GlcNAc(b1-2)Man(b1-Sp0,1
522,Gal(a1-3)Gal(b1-4)GlcNAc(b1-2)Man(a1-Sp0,1
523,Gal(a1-3)[Fuc(a1-2)]Gal(b1-4)GlcNAc(b1-2)Man(a1-Sp0,1
524,GalNAc(a1-3)[Fuc(a1-2)]Gal(b1-4)GlcNAc(b1-2)Man(a1-Sp0,1
525,Gal(b1-3)GlcNAc(b1-2)Man(a1-Sp0,1
526,Gal(a1-3)[Fuc(a1-2)]Gal(b1-3)GlcNAc(b1-6)GalNAc(b1-Sp14,1
527,Neu5Ac(a2-3)Gal(b1-3)GlcNAc(b1-2)Man(a1-Sp0,1
528,Gal(a1-3)Gal(b1-3)GlcNAc(b1-2)Man(a1-Sp0,1
529,GalNAc(b1-4)GlcNAc(b1-2)Man(a1-Sp0,1
530,Neu5Ac(a2-3)Gal(b1-3)GlcNAc(b1-4)Gal(b1-4)Glc(b1-Sp0,1
531,GlcNAc(b1-2)Man(a1-6)[GlcNAc(b1-4)][GlcNAc(b1-2)Man(a1-3)]Man(b1-4)GlcNAc(b1-4)[Fuc(a1-6)]GlcNAc(b1-Sp21,1
532,Gal(b1-4)GlcNAc(b1-2)Man(a1-6)[GlcNAc(b1-4)][Gal(b1-4)GlcNAc(b1-2)Man(a1-3)]Man(b1-4)GlcNAc(b1-4)[Fuc(a1-6)]GlcNAc(b1-Sp21,1
533,Gal(b1-4)GlcNAc(b1-2)Man(a1-6)[Gal(b1-4)GlcNAc(b1-4)][Gal(b1-4)GlcNAc(b1-2)Man(a1-3)]Man(b1-4)GlcNAc(b1-4)[Fuc(a1-6)]GlcNAc(b1-Sp21,1
534,Fuc(a1-4)[Gal(b1-3)]GlcNAc(b1-2)Man(a1-Sp0,1
535,Neu5Ac(a2-3)Gal(b1-4)[Fuc(a1-3)]GlcNAc(b1-2)Man(a1-Sp0,1
536,GlcNAc(b1-3)Gal(b1-4)GlcNAc(b1-6)[GlcNAc(b1-3)]Gal(b1-4)GlcNAc(b1-Sp0,1
537,GalNAc(a1-3)[Fuc(a1-2)]Gal(b1-3)GalNAc(b1-3)Gal(a1-4)Gal(b1-4)Glc(b1-Sp21,1
538,Gal(a1-3)[Fuc(a1-2)]Gal(b1-3)GalNAc(b1-3)Gal(a1-4)Gal(b1-4)Glc(b1-Sp21,1
539,Gal(b1-3)GalNAc(b1-3)Gal(b1-Sp21,1
540,GlcNAc(b1-3)Gal(b1-4)GlcNAc(b1-2)Man(a1-6)[GlcNAc(b1-3)Gal(b1-4)GlcNAc(b1-2)Man(a1-3)]Man(b1-4)GlcNAc(b1-4)GlcNAc(b1-Sp12,1
541,GlcNAc(b1-3)Gal(b1-4)GlcNAc(b1-2)Man(a1-6)[GlcNAc(b1-3)Gal(b1-4)GlcNAc(b1-2)Man(a1-3)]Man(b1-4)GlcNAc(b1-4)GlcNAc(b1-Sp25,1
542,Gal(b1-4)GlcNAc(b1-3)Gal(b1-4)GlcNAc(b1-2)Man(a1-6)[Gal(b1-4)GlcNAc(b1-3)Gal(b1-4)GlcNAc(b1-2)Man(a1-3)]Man(b1-4)GlcNAc(b1-4)GlcNAc(b1-Sp12,1
543,Gal(b1-4)GlcNAc(b1-3)Gal(b1-4)GlcNAc(b1-2)Man(a1-6)[Gal(b1-4)GlcNAc(b1-3)Gal(b1-4)GlcNAc(b1-2)Man(a1-3)]Man(b1-4)GlcNAc(b1-4)GlcNAc(b1-Sp24,1
544,Neu5Gc(a2-3)Gal(b1-4)GlcNAc(b1-3)Gal(b1-4)GlcNAc(b1-2)Man(a1-6)[Neu5Gc(a2-3)Gal(b1-4)GlcNAc(b1-3)Gal(b1-4)GlcNAc(b1-2)Man(a1-3)]Man(b1-4)GlcNAc(b1-4)GlcNAc(b1-Sp24,1
545,Fuc(a1-2)Gal(b1-4)GlcNAc(b1-3)Gal(b1-4)GlcNAc(b1-2)Man(a1-6)[Fuc(a1-2)Gal(b1-4)GlcNAc(b1-3)Gal(b1-4)GlcNAc(b1-2)Man(a1-3)]Man(b1-4)GlcNAc(b1-4)GlcNAc(b1-Sp24,1
546,GlcNAc(b1-3)Gal(b1-4)GlcNAc(b1-3)Gal(b1-4)GlcNAc(b1-2)Man(a1-6)[GlcNAc(b1-3)Gal(b1-4)GlcNAc(b1-3)Gal(b1-4)GlcNAc(b1-2)Man(a1-3)]Man(b1-4)GlcNAc(b1-4)GlcNAc(b1-Sp12,1
547,GlcNAc(b1-3)Gal(b1-4)GlcNAc(b1-3)Gal(b1-4)GlcNAc(b1-2)Man(a1-6)[GlcNAc(b1-3)Gal(b1-4)GlcNAc(b1-3)Gal(b1-4)GlcNAc(b1-2)Man(a1-3)]Man(b1-4)GlcNAc(b1-4)GlcNAc(b1-Sp25,1
548,Gal(b1-4)GlcNAc(b1-3)Gal(b1-4)GlcNAc(b1-3)Gal(b1-4)GlcNAc(b1-2)Man(a1-6)[Gal(b1-4)GlcNAc(b1-3)Gal(b1-4)GlcNAc(b1-3)Gal(b1-4)GlcNAc(b1-2)Man(a1-3)]Man(b1-4)GlcNAc(b1-4)GlcNAc(b1-Sp12,1
549,Gal(b1-4)GlcNAc(b1-3)Gal(b1-4)GlcNAc(b1-3)Gal(b1-4)GlcNAc(b1-2)Man(a1-6)[Gal(b1-4)GlcNAc(b1-3)Gal(b1-4)GlcNAc(b1-3)Gal(b1-4)GlcNAc(b1-2)Man(a1-3)]Man(b1-4)GlcNAc(b1-4)GlcNAc(b1-Sp24,1
550,GlcNAc(b1-3)Gal(b1-4)GlcNAc(b1-3)Gal(b1-4)GlcNAc(b1-3)Gal(b1-4)GlcNAc(b1-2)Man(a1-6)[GlcNAc(b1-3)Gal(b1-4)GlcNAc(b1-3)Gal(b1-4)GlcNAc(b1-3)Gal(b1-4)GlcNAc(b1-2)Man(a1-3)]Man(b1-4)GlcNAc(b1-4)GlcNAc(b1-Sp25,1
551,Gal(b1-4)GlcNAc(b1-3)Gal(b1-4)GlcNAc(b1-3)Gal(b1-4)GlcNAc(b1-3)Gal(b1-4)GlcNAc(b1-2)Man(a1-6)[Gal(b1-4)GlcNAc(b1-3)Gal(b1-4)GlcNAc(b1-3)Gal(b1-4)GlcNAc(b1-3)Gal(b1-4)GlcNAc(b1-2)Man(a1-3)]Man(b1-4)GlcNAc(b1-4)GlcNAc(b1-Sp25,1
552,Gal(b1-3)GlcNAc(b1-3)Gal(b1-4)GlcNAc(b1-2)Man(a1-6)[Gal(b1-3)GlcNAc(b1-3)Gal(b1-4)GlcNAc(b1-2)Man(a1-3)]Man(b1-4)GlcNAc(b1-4)GlcNAc(b1-Sp25,1
553,Neu5Gc(a2-8)Neu5Gc(a2-3)Gal(b1-4)GlcNAc(b1-Sp0,1
554,Neu5Ac(a2-8)Neu5Gc(a2-3)Gal(b1-4)GlcNAc(b1-Sp0,1
555,Neu5Gc(a2-8)Neu5Ac(a2-3)Gal(b1-4)GlcNAc(b1-Sp0,1
556,Neu5Gc(a2-8)Neu5Gc(a2-3)Gal(b1-4)GlcNAc(b1-3)Gal(b1-4)GlcNAc(b1-Sp0,1
557,Neu5Gc(a2-8)Neu5Gc(a2-6)Gal(b1-4)GlcNAc(b1-Sp0,1
558,Neu5Ac(a2-8)Neu5Ac(a2-3)Gal(b1-4)GlcNAc(b1-Sp0,1
560,Gal(b1-4)GlcNAc(b1-3)Gal(b1-4)GlcNAc(b1-6)[Gal(b1-4)GlcNAc(b1-3)Gal(b1-4)GlcNAc(b1-2)]Man(a1-6)[Gal(b1-4)GlcNAc(b1-3)Gal(b1-4)GlcNAc(b1-2)Man(a1-3)]Man(a1-4)GlcNAc(b1-4)GlcNAc(b1-Sp24,1
561,Gal(a1-3)Gal(b1-4)GlcNAc(b1-2)Man(a1-6)[Gal(a1-3)Gal(b1-4)GlcNAc(b1-2)Man(a1-3)]Man(b1-4)GlcNAc(b1-4)GlcNAc(b1-Sp24,1
562,GlcNAc(b1-3)Gal(b1-4)GlcNAc(b1-6)[GlcNAc(b1-3)Gal(b1-3)]GalNAc(a1-Sp14,1
563,GalNAc(b1-3)GlcNAc(b1-Sp0,1
564,GalNAc(b1-4)GlcNAc(b1-3)GalNAc(b1-4)GlcNAc(b1-Sp0,1
565,GlcNAc(b1-3)Gal(b1-4)GlcNAc(b1-3)Gal(b1-4)GlcNAc(b1-3)Gal(b1-4)GlcNAc(b1-3)Gal(b1-4)GlcNAc(b1-2)Man(a1-6)[GlcNAc(b1-3)Gal(b1-4)GlcNAc(b1-3)Gal(b1-4)GlcNAc(b1-3)Gal(b1-4)GlcNAc(b1-3)Gal(b1-4)GlcNAc(b1-2)Man(a1-3)]Man(b1-4)GlcNAc(b1-4)GlcNAc(b1-Sp25,1
566,Gal(b1-4)GlcNAc(b1-3)Gal(b1-4)GlcNAc(b1-3)Gal(b1-4)GlcNAc(b1-3)Gal(b1-4)GlcNAc(b1-3)Gal(b1-4)GlcNAc(b1-2)Man(a1-6)[Gal(b1-4)GlcNAc(b1-3)Gal(b1-4)GlcNAc(b1-3)Gal(b1-4)GlcNAc(b1-3)Gal(b1-4)GlcNAc(b1-3)Gal(b1-4)GlcNAc(b1-2)Man(a1-3)]Man(b1-4)GlcNAc(b1-4)GlcNAc(b1-Sp25,1
567,GlcNAc(b1-3)Gal(b1-3)GalNAc(b1-Sp14,1
568,Gal(b1-3)GlcNAc(b1-6)[Gal(b1-3)]GalNAc(b1-Sp14,1
569,Gal(b1-4)GlcNAc(b1-3)Gal(b1-4)GlcNAc(b1-3)Gal(b1-4)GlcNAc(b1-3)Gal(b1-4)GlcNAc(b1-3)Gal(b1-4)GlcNAc(b1-3)Gal(b1-4)GlcNAc(b1-2)Man(a1-6)[Gal(b1-4)GlcNAc(b1-3)Gal(b1-4)GlcNAc(b1-3)Gal(b1-4)GlcNAc(b1-3)Gal(b1-4)GlcNAc(b1-3)Gal(b1-4)GlcNAc(b1-3)Gal(b1-4)GlcNAc(b1-2)Man(a1-3)]Man(b1-4)GlcNAc(b1-4)GlcNAc(b1-Sp25,1
570,(3S)GlcA(b1-3)Gal(b1-4)GlcNAc(b1-3)Gal(b1-4)Glc(1-Sp0,1
571,(3S)GlcA(b1-3)Gal(b1-4)GlcNAc(b1-2)Man(a1-Sp0,1
572,Gal(b1-3)GlcNAc(b1-3)Gal(b1-4)GlcNAc(b1-3)Gal(b1-4)GlcNAc(b1-6)[Gal(b1-3)GlcNAc(b1-3)Gal(b1-4)GlcNAc(b1-3)Gal(b1-4)GlcNAc(b1-2)]Man(a1-6)[Gal(b1-3)GlcNAc(b1-3)Gal(b1-4)GlcNAc(b1-3)Gal(b1-4)GlcNAc(b1-2)Man(a1-3)]Man(b1-4)GlcNAc(b1-4)[Fuc(a1-6)]GlcNAc(b1-Sp24,1
573,Gal(b1-3)GlcNAc(b1-3)Gal(b1-4)GlcNAc(b1-6)[Gal(b1-3)GlcNAc(b1-3)Gal(b1-4)GlcNAc(b1-2)]Man(a1-6)[Gal(b1-3)GlcNAc(b1-3)Gal(b1-4)GlcNAc(b1-2)Man(a1-3)]Man(b1-4)GlcNAc(b1-4)[Fuc(a1-6)]GlcNAc(b1-Sp24,1
574,Neu5Ac(a2-8)Neu5Ac(a2-3)Gal(b1-3)GalNAc(b1-4)[Neu5Ac(a2-3)]Gal(b1-4)Glc(b1-Sp21,1
575,GlcNAc(b1-3)Gal(b1-4)GlcNAc(b1-2)Man(a1-6)[GlcNAc(b1-3)Gal(b1-4)GlcNAc(b1-2)Man(a1-3)]Man(b1-4)GlcNAc(b1-4)[Fuc(a1-6)]GlcNAc(b1-Sp24,1
576,Gal(b1-4)GlcNAc(b1-3)Gal(b1-4)GlcNAc(b1-2)Man(a1-6)[Gal(b1-4)GlcNAc(b1-3)Gal(b1-4)GlcNAc(b1-2)Man(a1-3)]Man(b1-4)GlcNAc(b1-4)[Fuc(a1-6)]GlcNAc(b1-Sp24,1
577,GlcNAc(b1-3)Gal(b1-4)GlcNAc(b1-3)Gal(b1-4)GlcNAc(b1-2)Man(a1-6)[GlcNAc(b1-3)Gal(b1-4)GlcNAc(b1-3)Gal(b1-4)GlcNAc(b1-2)Man(a1-3)]Man(b1-4)GlcNAc(b1-4)[Fuc(a1-6)]GlcNAc(b1-Sp24,1
578,Gal(b1-4)GlcNAc(b1-3)Gal(b1-4)GlcNAc(b1-3)Gal(b1-4)GlcNAc(b1-2)Man(a1-6)[Gal(b1-4)GlcNAc(b1-3)Gal(b1-4)GlcNAc(b1-3)Gal(b1-4)GlcNAc(b1-2)Man(a1-3)]Man(b1-4)GlcNAc(b1-4)[Fuc(a1-6)]GlcNAc(b1-Sp24,1
579,GlcNAc(b1-3)Gal(b1-4)GlcNAc(b1-3)Gal(b1-4)GlcNAc(b1-3)Gal(b1-4)GlcNAc(b1-2)Man(a1-6)[GlcNAc(b1-3)Gal(b1-4)GlcNAc(b1-3)Gal(b1-4)GlcNAc(b1-3)Gal(b1-4)GlcNAc(b1-2)Man(a1-3)]Man(b1-4)GlcNAc(b1-4)[Fuc(a1-6)]GlcNAc(b1-Sp24,1
580,Gal(b1-4)GlcNAc(b1-3)Gal(b1-4)GlcNAc(b1-3)Gal(b1-4)GlcNAc(b1-3)Gal(b1-4)GlcNAc(b1-2)Man(a1-6)[Gal(b1-4)GlcNAc(b1-3)Gal(b1-4)GlcNAc(b1-3)Gal(b1-4)GlcNAc(b1-3)Gal(b1-4)GlcNAc(b1-2)Man(a1-3)]Man(b1-4)GlcNAc(b1-4)[Fuc(a1-6)]GlcNAc(b1-Sp24,1
581,GlcNAc(b1-3)Gal(b1-4)GlcNAc(b1-3)Gal(b1-4)GlcNAc(b1-3)Gal(b1-4)GlcNAc(b1-3)Gal(b1-4)GlcNAc(b1-2)Man(a1-6)[GlcNAc(b1-3)Gal(b1-4)GlcNAc(b1-3)Gal(b1-4)GlcNAc(b1-3)Gal(b1-4)GlcNAc(b1-3)Gal(b1-4)GlcNAc(b1-2)Man(a1-3)]Man(b1-4)GlcNAc(b1-4)[Fuc(a1-6)]GlcNAc(b1-Sp19,1
582,Gal(b1-4)GlcNAc(b1-3)Gal(b1-4)GlcNAc(b1-3)Gal(b1-4)GlcNAc(b1-3)Gal(b1-4)GlcNAc(b1-3)Gal(b1-4)GlcNAc(b1-2)Man(a1-6)[Gal(b1-4)GlcNAc(b1-3)Gal(b1-4)GlcNAc(b1-3)Gal(b1-4)GlcNAc(b1-3)Gal(b1-4)GlcNAc(b1-3)Gal(b1-4)GlcNAc(b1-2)Man(a1-3)]Man(b1-4)GlcNAc(b1-4)[Fuc(a1-6)]GlcNAc(b1-Sp19,1
583,Gal(b1-4)GlcNAc(b1-3)Gal(b1-4)GlcNAc(b1-6)[Gal(b1-4)GlcNAc(b1-3)Gal(b1-4)GlcNAc(b1-2)]Man(a1-6)[Gal(b1-4)GlcNAc(b1-3)Gal(b1-4)GlcNAc(b1-2)Man(a1-3)]Man(b1-4)GlcNAc(b1-4)[Fuc(a1-6)]GlcNAc(b1-Sp24,1
584,GlcNAc(b1-3)Gal(b1-4)GlcNAc(b1-3)Gal(b1-4)GlcNAc(b1-6)[GlcNAc(b1-3)Gal(b1-4)GlcNAc(b1-3)Gal(b1-4)GlcNAc(b1-2)]Man(a1-6)[GlcNAc(b1-3)Gal(b1-4)GlcNAc(b1-3)Gal(b1-4)GlcNAc(b1-2)Man(a1-3)]Man(b1-4)GlcNAc(b1-4)[Fuc(a1-6)]GlcNAc(b1-Sp24,1
585,Gal(b1-4)GlcNAc(b1-3)Gal(b1-4)GlcNAc(b1-3)Gal(b1-4)GlcNAc(b1-6)[Gal(b1-4)GlcNAc(b1-3)Gal(b1-4)GlcNAc(b1-3)Gal(b1-4)GlcNAc(b1-2)]Man(a1-6)[Gal(b1-4)GlcNAc(b1-3)Gal(b1-4)GlcNAc(b1-3)Gal(b1-4)GlcNAc(b1-2)Man(a1-3)]Man(b1-4)GlcNAc(b1-4)[Fuc(a1-6)]GlcNAc(b1-Sp24,1
586,GlcNAc(b1-3)Gal(b1-4)GlcNAc(b1-3)Gal(b1-4)GlcNAc(b1-3)Gal(b1-4)GlcNAc(b1-6)[GlcNAc(b1-3)Gal(b1-4)GlcNAc(b1-3)Gal(b1-4)GlcNAc(b1-3)Gal(b1-4)GlcNAc(b1-2)]Man(a1-6)[GlcNAc(b1-3)Gal(b1-4)GlcNAc(b1-3)Gal(b1-4)GlcNAc(b1-3)Gal(b1-4)GlcNAc(b1-2)Man(a1-3)]Man(b1-4)GlcNAc(b1-4)[Fuc(a1-6)]GlcNAc(b1-Sp24,1
587,Gal(b1-4)GlcNAc(b1-3)Gal(b1-4)GlcNAc(b1-3)Gal(b1-4)GlcNAc(b1-3)Gal(b1-4)GlcNAc(b1-6)[Gal(b1-4)GlcNAc(b1-3)Gal(b1-4)GlcNAc(b1-3)Gal(b1-4)GlcNAc(b1-3)Gal(b1-4)GlcNAc(b1-2)]Man(a1-6)[Gal(b1-4)GlcNAc(b1-3)Gal(b1-4)GlcNAc(b1-3)Gal(b1-4)GlcNAc(b1-3)Gal(b1-4)GlcNAc(b1-2)Man(a1-3)]Man(b1-4)GlcNAc(b1-4)[Fuc(a1-6)]GlcNAc(b1-Sp24,1
588,GlcNAc(b1-3)Gal(b1-4)GlcNAc(b1-3)Gal(b1-4)GlcNAc(b1-3)Gal(b1-4)GlcNAc(b1-3)Gal(b1-4)GlcNAc(b1-6)[GlcNAc(b1-3)Gal(b1-4)GlcNAc(b1-3)Gal(b1-4)GlcNAc(b1-3)Gal(b1-4)GlcNAc(b1-3)Gal(b1-4)GlcNAc(b1-2)]Man(a1-6)[GlcNAc(b1-3)Gal(b1-4)GlcNAc(b1-3)Gal(b1-4)GlcNAc(b1-3)Gal(b1-4)GlcNAc(b1-3)Gal(b1-4)GlcNAc(b1-2)Man(a1-3)]Man(b1-4)GlcNAc(b1-4)[Fuc(a1-6)]GlcNAc(b1-Sp24,1
589,Gal(b1-4)GlcNAc(b1-3)Gal(b1-4)GlcNAc(b1-3)Gal(b1-4)GlcNAc(b1-3)Gal(b1-4)GlcNAc(b1-3)Gal(b1-4)GlcNAc(b1-6)[Gal(b1-4)GlcNAc(b1-3)Gal(b1-4)GlcNAc(b1-3)Gal(b1-4)GlcNAc(b1-3)Gal(b1-4)GlcNAc(b1-3)Gal(b1-4)GlcNAc(b1-2)]Man(a1-6)[Gal(b1-4)GlcNAc(b1-3)Gal(b1-4)GlcNAc(b1-3)Gal(b1-4)GlcNAc(b1-3)Gal(b1-4)GlcNAc(b1-3)Gal(b1-4)GlcNAc(b1-2)Man(a1-3)]Man(b1-4)GlcNAc(b1-4)[Fuc(a1-6)]GlcNAc(b1-Sp24,1
590,Gal(b1-4)GlcNAc(b1-3)Gal(b1-4)GlcNAc(b1-3)GalNAc(a1-Sp14,1
591,Gal(b1-4)GlcNAc(b1-3)Gal(b1-4)GlcNAc(b1-6)[Gal(b1-3)]GalNAc(a1-Sp14,1
592,Gal(b1-4)GlcNAc(b1-3)Gal(b1-4)GlcNAc(b1-6)[Gal(b1-4)GlcNAc(b1-3)Gal(b1-4)GlcNAc(b1-3)]GalNAc(a1-Sp14,1
593,Neu5Ac(a2-3)Gal(b1-4)GlcNAc(b1-3)Gal(b1-4)GlcNAc(b1-3)GalNAc(a1-Sp14,1
594,GlcNAc(b1-3)Gal(b1-4)GlcNAc(b1-3)GalNAc(a1-Sp14,1
595,GlcNAc(b1-3)Gal(b1-4)GlcNAc(b1-6)[Gal(b1-3)]GalNAc(a1-Sp14,1
596,GlcNAc(b1-3)Gal(b1-4)GlcNAc(b1-6)[GlcNAc(b1-3)Gal(b1-4)GlcNAc(b1-3)]GalNAc(a1-Sp14,1
597,Neu5Ac(a2-3)Gal(b1-4)GlcNAc(b1-3)Gal(b1-4)GlcNAc(b1-6)[Neu5Ac(a2-3)Gal(b1-4)GlcNAc(b1-3)Gal(b1-4)GlcNAc(b1-3)]GalNAc(a1-Sp14,1
598,Neu5Ac(a2-6)Gal(b1-4)GlcNAc(b1-3)Gal(b1-4)GlcNAc(b1-3)GalNAc(a1-Sp14,1
599,GlcNAc(b1-3)Gal(b1-4)GlcNAc(b1-3)Gal(b1-4)GlcNAc(b1-3)GalNAc(a1-Sp14,1
600,Gal(b1-4)GlcNAc(b1-3)Gal(b1-3)GalNAc(a1-Sp14,1
601,Neu5Ac(a2-3)Gal(b1-4)GlcNAc(b1-3)Gal(b1-4)GlcNAc(b1-6)[Gal(b1-3)]GalNAc(a1-Sp14,1
602,Neu5Ac(a2-6)Gal(b1-4)GlcNAc(b1-3)Gal(b1-4)GlcNAc(b1-6)[Gal(b1-3)]GalNAc(a1-Sp14,1
603,Neu5Ac(a2-6)Gal(b1-4)GlcNAc(b1-6)[Gal(b1-3)]GalNAc(a1-Sp14,1
604,Neu5Ac(a2-3)Gal(b1-4)GlcNAc(b1-3)Gal(b1-4)GlcNAc(b1-2)Man(a1-6)[Neu5Ac(a2-3)Gal(b1-4)GlcNAc(b1-3)Gal(b1-4)GlcNAc(b1-2)Man(a1-3)]Man(b1-4)GlcNAc(b1-4)GlcNAc(b1-Sp12,1
605,GlcNAc(b1-6)[Neu5Ac(a2-3)Gal(b1-3)]GalNAc(a1-Sp14,1
606,Neu5Ac(a2-6)Gal(b1-4)GlcNAc(b1-3)Gal(b1-4)GlcNAc(b1-6)[Neu5Ac(a2-6)Gal(b1-4)GlcNAc(b1-3)Gal(b1-4)GlcNAc(b1-3)]GalNAc(a1-Sp14,1
607,Neu5Ac(a2-6)Gal(b1-4)GlcNAc(b1-3)Gal(b1-4)GlcNAc(b1-3)Gal(b1-4)GlcNAc(b1-2)Man(a1-6)[Neu5Ac(a2-6)Gal(b1-4)GlcNAc(b1-3)Gal(b1-4)GlcNAc(b1-3)Gal(b1-4)GlcNAc(b1-2)Man(a1-3)]Man(b1-4)GlcNAc(b1-4)GlcNAc(b1-Sp12,1
608,Neu5Ac(a2-3)Gal(b1-4)GlcNAc(b1-3)Gal(b1-4)GlcNAc(b1-3)Gal(b1-4)GlcNAc(b1-2)Man(a1-6)[Neu5Ac(a2-3)Gal(b1-4)GlcNAc(b1-3)Gal(b1-4)GlcNAc(b1-3)Gal(b1-4)GlcNAc(b1-2)Man(a1-3)]Man(b1-4)GlcNAc(b1-4)GlcNAc(b1-Sp12,1
609,Neu5Ac(a2-6)Gal(b1-4)GlcNAc(b1-3)Gal(b1-4)GlcNAc(b1-2)Man(a1-6)[Neu5Ac(a2-6)Gal(b1-4)GlcNAc(b1-3)Gal(b1-4)GlcNAc(b1-2)Man(a1-3)]Man(b1-4)GlcNAc(b1-4)GlcNAc(b1-Sp12,1
610,GlcNAc(b1-3)Fuc(a1-Sp21,1
611,Gal(b1-3)GalNAc(b1-4)[Neu5Ac(a2-8)Neu5Ac(a2-8)Neu5Ac(a2-3)]Gal(b1-4)Glc(b1-Sp21,1
